40000 1542301184
40000 1542301185
40007 1542301186
40003 1542301187
40004 1542301188
40005 1542301190
40004 1542301191
40004 1542301192
40004 1542301193
40005 1542301194
40004 1542301195
40001 1542301196
40002 1542301197
40005 1542301198
40006 1542301199
40005 1542301200
40003 1542301201
40004 1542301202
40001 1542301203
40001 1542301204
40004 1542301205
40006 1542301206
40001 1542301207
40004 1542301208
40002 1542301209
40003 1542301210
40001 1542301211
40001 1542301212
40002 1542301213
40004 1542301214
40001 1542301215
40006 1542301216
40004 1542301217
40006 1542301218
40001 1542301219
40003 1542301220
40003 1542301221
40001 1542301222
40003 1542301223
40001 1542301224
40002 1542301225
40003 1542301226
40003 1542301227
40003 1542301228
40004 1542301229
40004 1542301230
40007 1542301231
40002 1542301232
40002 1542301233
40003 1542301234
40006 1542301235
40004 1542301236
40001 1542301237
40003 1542301238
40002 1542301239
40003 1542301240
40003 1542301241
40000 1542301242
40000 1542301243
40004 1542301244
480 1542301244
40009 1542301245
40000 1542301246
40003 1542301247
40005 1542301248
40001 1542301249
40002 1542301250
40004 1542301251
40005 1542301252
40001 1542301253
40005 1542301254
40002 1542301255
40003 1542301256
40002 1542301257
40004 1542301258
40001 1542301259
40005 1542301260
40003 1542301261
40003 1542301262
40002 1542301263
40004 1542301264
40001 1542301265
40004 1542301266
40002 1542301267
40003 1542301268
40004 1542301269
40003 1542301270
40001 1542301271
40003 1542301272
40004 1542301273
40001 1542301274
40002 1542301275
40002 1542301276
40007 1542301277
40000 1542301278
40003 1542301279
40003 1542301280
40002 1542301281
40003 1542301282
40001 1542301283
40005 1542301284
40005 1542301285
40000 1542301286
40006 1542301287
40001 1542301288
40001 1542301289
40003 1542301290
40007 1542301291
40002 1542301292
40004 1542301293
40005 1542301294
40006 1542301295
40003 1542301296
40005 1542301297
40005 1542301298
40003 1542301299
40001 1542301300
40002 1542301301
40003 1542301302
40003 1542301303
40003 1542301304
40006 1542301305
40006 1542301306
40008 1542301307
40006 1542301308
40003 1542301309
40004 1542301310
40002 1542301311
40003 1542301312
40001 1542301313
40005 1542301314
1800 1542301314
40004 1542301315
40002 1542301316
40007 1542301317
40002 1542301318
40000 1542301319
40001 1542301320
40003 1542301321
40002 1542301322
40005 1542301323
40005 1542301324
40001 1542301325
40001 1542301326
40002 1542301327
40004 1542301328
40002 1542301329
40005 1542301330
40001 1542301331
40004 1542301332
40001 1542301333
40000 1542301334
40003 1542301335
40003 1542301336
40003 1542301337
40005 1542301338
40003 1542301339
40002 1542301340
40002 1542301341
40003 1542301342
40002 1542301343
40002 1542301344
40003 1542301345
40002 1542301346
40000 1542301347
40003 1542301348
40004 1542301349
40006 1542301350
40004 1542301351
40003 1542301352
40004 1542301353
40001 1542301354
40001 1542301355
40007 1542301356
40004 1542301357
40005 1542301358
40000 1542301359
40003 1542301360
40003 1542301361
40000 1542301362
40002 1542301363
40003 1542301364
40000 1542301365
40001 1542301366
40003 1542301367
40002 1542301368
40004 1542301369
40004 1542301370
40001 1542301371
40005 1542301372
40002 1542301373
40003 1542301374
40003 1542301375
40002 1542301376
40001 1542301377
40004 1542301378
40003 1542301379
40003 1542301380
40004 1542301381
40003 1542301382
40005 1542301383
40003 1542301384
40000 1542301385
40003 1542301386
40000 1542301387
40005 1542301388
40004 1542301389
40004 1542301390
40003 1542301391
40004 1542301392
40004 1542301393
40001 1542301394
40008 1542301395
40002 1542301396
40007 1542301397
40004 1542301398
40003 1542301399
40004 1542301400
40004 1542301401
40007 1542301402
40002 1542301403
40001 1542301404
40008 1542301405
40002 1542301406
40002 1542301407
40006 1542301408
40003 1542301409
40010 1542301410
40001 1542301411
40006 1542301412
40005 1542301413
40003 1542301414
40005 1542301415
40002 1542301416
40002 1542301417
40006 1542301418
40000 1542301419
1880 1542301420
40004 1542301420
40003 1542301421
40004 1542301422
40002 1542301423
40001 1542301424
40002 1542301425
40002 1542301426
40001 1542301427
40002 1542301428
40002 1542301429
40001 1542301430
40003 1542301431
40001 1542301432
40007 1542301433
40003 1542301434
40001 1542301435
40005 1542301436
40002 1542301437
40006 1542301438
40005 1542301439
40000 1542301440
40004 1542301441
40003 1542301442
40001 1542301443
40001 1542301444
40004 1542301445
40007 1542301446
40005 1542301447
40001 1542301448
40001 1542301449
40006 1542301451
40004 1542301452
40005 1542301453
40001 1542301454
40003 1542301455
40003 1542301456
40004 1542301457
40002 1542301458
40004 1542301459
40002 1542301460
40003 1542301461
40005 1542301462
40001 1542301463
40001 1542301464
40004 1542301465
40004 1542301466
40002 1542301467
40002 1542301468
40005 1542301469
40002 1542301470
40004 1542301471
40006 1542301472
40001 1542301473
40006 1542301474
40006 1542301475
40001 1542301476
40004 1542301477
40003 1542301478
40005 1542301479
40003 1542301480
40001 1542301481
40004 1542301482
40004 1542301483
40010 1542301484
40004 1542301485
40005 1542301486
40002 1542301487
40002 1542301488
40003 1542301489
40004 1542301490
40000 1542301491
40005 1542301492
40003 1542301493
40001 1542301494
40006 1542301495
40006 1542301496
40002 1542301497
40003 1542301498
40005 1542301499
40002 1542301500
40002 1542301501
40008 1542301502
40004 1542301503
40003 1542301504
40004 1542301505
40003 1542301506
40002 1542301507
40001 1542301508
40004 1542301509
40005 1542301510
40006 1542301511
40002 1542301512
40005 1542301513
40003 1542301514
40005 1542301515
40004 1542301516
40003 1542301517
40005 1542301518
40005 1542301519
40007 1542301520
40001 1542301521
40004 1542301522
40004 1542301523
40001 1542301524
40003 1542301525
40000 1542301526
40004 1542301527
40004 1542301528
40002 1542301529
40005 1542301530
40001 1542301531
40003 1542301532
40001 1542301533
40001 1542301534
40004 1542301535
40000 1542301536
40001 1542301537
40003 1542301538
40003 1542301539
40006 1542301540
40004 1542301541
40001 1542301542
40004 1542301543
40001 1542301544
40002 1542301545
40005 1542301546
40007 1542301547
40004 1542301548
40003 1542301549
40000 1542301550
40003 1542301551
40004 1542301552
40005 1542301553
40004 1542301554
40005 1542301555
40005 1542301556
40003 1542301557
40003 1542301558
40000 1542301559
40002 1542301560
40004 1542301561
40001 1542301562
40002 1542301563
40003 1542301564
40001 1542301565
40005 1542301566
40003 1542301567
40001 1542301568
40001 1542301569
40004 1542301570
40003 1542301571
40006 1542301572
40003 1542301573
40004 1542301574
40002 1542301575
40005 1542301576
40002 1542301577
40003 1542301578
40003 1542301579
40004 1542301580
40007 1542301581
40002 1542301582
40003 1542301583
40005 1542301584
40005 1542301585
40003 1542301586
40003 1542301587
40001 1542301588
40005 1542301589
40003 1542301590
40003 1542301591
40001 1542301592
40005 1542301593
40002 1542301594
40002 1542301595
40005 1542301596
40006 1542301597
40003 1542301598
40004 1542301599
40003 1542301600
40002 1542301601
40003 1542301602
40004 1542301603
40004 1542301604
40004 1542301605
40002 1542301606
40003 1542301607
40003 1542301608
40005 1542301609
40001 1542301610
40004 1542301611
40005 1542301612
40004 1542301613
40005 1542301614
40004 1542301615
40004 1542301616
40003 1542301617
40004 1542301618
40004 1542301619
40003 1542301620
40003 1542301621
40003 1542301622
40005 1542301623
40004 1542301624
40003 1542301625
40002 1542301626
40003 1542301627
40001 1542301628
40004 1542301629
40001 1542301630
40004 1542301631
40002 1542301632
40003 1542301633
40002 1542301634
40001 1542301635
40004 1542301636
40004 1542301637
40004 1542301638
40005 1542301639
40001 1542301640
40003 1542301641
40001 1542301642
40000 1542301643
40002 1542301644
40004 1542301645
40003 1542301646
40002 1542301647
40003 1542301648
40004 1542301649
40003 1542301650
40008 1542301651
40005 1542301652
40004 1542301653
40003 1542301654
40001 1542301655
40005 1542301656
40003 1542301657
40003 1542301658
40002 1542301659
40004 1542301660
40001 1542301661
40003 1542301662
40002 1542301663
40003 1542301664
40002 1542301665
40007 1542301666
40004 1542301667
40007 1542301668
40002 1542301669
40003 1542301670
40001 1542301671
40002 1542301672
40005 1542301673
40005 1542301674
40001 1542301675
40004 1542301676
40000 1542301677
40007 1542301678
40002 1542301679
40002 1542301680
40002 1542301681
40003 1542301682
40005 1542301683
40001 1542301684
40002 1542301685
40003 1542301686
40001 1542301687
40005 1542301688
40002 1542301689
40001 1542301690
40005 1542301691
40003 1542301692
40003 1542301693
40004 1542301694
40001 1542301695
40003 1542301696
40003 1542301697
40003 1542301698
40004 1542301699
40003 1542301700
40004 1542301702
40002 1542301703
40006 1542301704
40004 1542301705
40004 1542301706
40002 1542301707
40005 1542301708
40003 1542301709
40004 1542301710
40004 1542301711
40004 1542301712
40004 1542301713
40002 1542301714
40004 1542301715
40005 1542301716
40004 1542301717
40004 1542301718
40002 1542301719
40002 1542301720
40005 1542301721
40002 1542301722
40004 1542301723
40005 1542301724
40001 1542301725
40002 1542301726
40004 1542301727
40004 1542301728
40003 1542301729
40002 1542301730
40004 1542301731
40000 1542301732
40002 1542301733
40002 1542301734
40001 1542301735
40003 1542301736
40005 1542301737
40002 1542301738
40002 1542301739
40003 1542301740
40006 1542301741
40004 1542301742
40003 1542301743
40002 1542301744
40001 1542301745
40003 1542301746
40005 1542301747
40006 1542301748
40002 1542301749
40001 1542301750
40007 1542301751
40006 1542301752
40003 1542301753
40003 1542301754
40003 1542301755
40002 1542301756
40002 1542301757
40001 1542301758
40002 1542301759
40003 1542301760
40005 1542301761
40001 1542301762
40008 1542301763
40003 1542301764
40001 1542301765
40004 1542301766
40006 1542301767
40002 1542301768
40003 1542301769
40002 1542301770
40004 1542301771
40001 1542301772
40001 1542301773
40003 1542301774
40003 1542301775
40005 1542301776
40001 1542301777
40004 1542301778
40004 1542301779
40004 1542301780
40004 1542301781
40003 1542301782
40003 1542301783
40002 1542301784
40002 1542301785
40003 1542301786
40003 1542301787
40001 1542301788
40004 1542301789
40001 1542301790
40004 1542301791
40006 1542301792
40003 1542301793
40006 1542301794
40001 1542301795
40005 1542301796
40007 1542301797
40003 1542301798
40002 1542301799
40001 1542301800
40007 1542301801
40003 1542301802
40004 1542301803
40006 1542301804
40003 1542301805
40004 1542301806
40002 1542301807
40002 1542301808
40006 1542301809
40001 1542301810
40001 1542301811
40005 1542301812
40008 1542301813
40001 1542301814
40003 1542301815
40002 1542301816
40004 1542301817
40005 1542301818
40004 1542301819
40001 1542301820
40005 1542301821
40003 1542301822
40003 1542301823
40002 1542301824
40005 1542301825
40003 1542301826
40002 1542301827
40006 1542301828
40006 1542301829
40005 1542301830
40003 1542301831
40001 1542301832
40003 1542301833
40003 1542301834
40005 1542301835
40004 1542301836
40003 1542301837
40003 1542301838
40005 1542301839
40004 1542301840
40003 1542301841
40005 1542301842
40002 1542301843
40001 1542301844
40003 1542301845
40004 1542301846
40005 1542301847
40002 1542301848
40006 1542301849
40004 1542301850
40002 1542301851
40003 1542301852
40003 1542301853
40001 1542301854
40005 1542301855
40004 1542301856
40003 1542301857
40001 1542301858
40002 1542301859
40003 1542301860
40002 1542301861
40004 1542301862
40003 1542301863
40002 1542301864
40003 1542301865
40002 1542301866
40004 1542301867
40003 1542301868
40002 1542301869
40004 1542301870
40011 1542301871
40004 1542301872
40003 1542301873
40000 1542301874
40004 1542301875
660 1542301876
40008 1542301876
40002 1542301877
40006 1542301878
40004 1542301879
40003 1542301880
40002 1542301881
40001 1542301882
40003 1542301883
40004 1542301884
40003 1542301885
40003 1542301886
40003 1542301887
40002 1542301888
40002 1542301889
40004 1542301890
40005 1542301891
40004 1542301892
40005 1542301893
40003 1542301894
40005 1542301895
40001 1542301896
40006 1542301897
40005 1542301898
40006 1542301899
40006 1542301900
40003 1542301901
40008 1542301902
40003 1542301903
40009 1542301904
40001 1542301905
40008 1542301906
40003 1542301907
40001 1542301908
40002 1542301909
40000 1542301910
40002 1542301911
40001 1542301912
40007 1542301913
40002 1542301914
40004 1542301915
40002 1542301916
40003 1542301917
40005 1542301918
40001 1542301919
40006 1542301920
40002 1542301921
40002 1542301922
40002 1542301923
40002 1542301924
40003 1542301925
40005 1542301926
40003 1542301927
40001 1542301928
40004 1542301929
40003 1542301930
40006 1542301931
40003 1542301932
40005 1542301933
40002 1542301934
700 1542301935
40005 1542301935
40006 1542301936
40004 1542301937
40006 1542301938
40000 1542301939
40001 1542301940
40005 1542301941
40002 1542301942
40000 1542301943
40004 1542301944
40002 1542301945
40002 1542301946
40004 1542301947
40000 1542301948
40002 1542301949
40002 1542301950
40003 1542301951
40000 1542301952
40006 1542301953
40002 1542301954
40003 1542301955
40000 1542301956
40001 1542301957
40002 1542301958
40001 1542301959
40006 1542301960
40002 1542301962
40006 1542301963
40004 1542301964
40006 1542301965
40001 1542301966
40004 1542301967
40005 1542301968
40004 1542301969
40007 1542301970
40000 1542301971
40008 1542301972
40003 1542301973
40006 1542301974
40002 1542301975
40005 1542301976
40002 1542301977
40003 1542301978
40004 1542301979
40005 1542301980
40002 1542301981
40004 1542301982
40003 1542301983
40006 1542301984
40000 1542301985
40004 1542301986
40002 1542301987
40003 1542301988
40003 1542301989
40005 1542301990
40002 1542301991
40006 1542301992
40003 1542301993
40002 1542301994
40002 1542301995
40004 1542301996
40004 1542301997
40004 1542301998
40003 1542301999
40003 1542302000
40006 1542302001
40002 1542302002
40002 1542302003
40000 1542302004
40002 1542302005
40001 1542302006
1400 1542302006
40005 1542302007
40006 1542302008
40003 1542302009
40002 1542302010
40004 1542302011
40003 1542302012
40004 1542302013
40004 1542302014
40002 1542302015
40003 1542302016
40000 1542302017
40000 1542302018
40002 1542302019
40001 1542302020
40005 1542302021
40004 1542302022
40002 1542302023
40002 1542302024
40005 1542302025
40004 1542302026
40005 1542302027
40001 1542302028
40006 1542302029
40002 1542302030
40002 1542302031
40002 1542302032
40004 1542302033
40002 1542302034
40003 1542302035
40001 1542302036
40003 1542302037
40004 1542302038
40001 1542302039
40006 1542302040
40001 1542302041
40002 1542302042
40004 1542302043
40004 1542302044
40005 1542302045
40005 1542302046
40004 1542302047
40002 1542302048
40007 1542302049
40000 1542302050
40002 1542302051
40004 1542302052
40003 1542302053
40004 1542302054
40000 1542302055
40004 1542302056
40002 1542302057
40001 1542302058
40002 1542302059
40000 1542302060
40000 1542302061
40004 1542302062
40005 1542302063
40006 1542302064
40004 1542302065
40001 1542302066
40007 1542302067
40005 1542302068
40002 1542302069
40004 1542302070
40002 1542302071
40002 1542302072
40004 1542302073
40006 1542302074
40005 1542302075
40005 1542302076
40001 1542302077
40002 1542302078
40001 1542302079
40005 1542302080
40003 1542302081
40004 1542302082
40002 1542302083
40002 1542302084
40008 1542302085
40005 1542302086
40001 1542302087
40005 1542302088
40003 1542302089
40002 1542302090
40003 1542302091
40007 1542302092
40003 1542302093
40001 1542302094
40004 1542302095
40002 1542302096
40002 1542302097
40003 1542302098
40003 1542302099
40004 1542302100
40001 1542302101
40003 1542302102
40009 1542302103
40004 1542302104
40003 1542302105
40002 1542302106
40002 1542302107
40002 1542302108
40004 1542302109
40001 1542302110
40004 1542302111
40002 1542302112
40000 1542302113
40003 1542302114
40003 1542302115
40004 1542302116
40004 1542302117
40006 1542302118
40004 1542302119
40006 1542302120
40004 1542302121
40003 1542302122
40001 1542302123
40002 1542302124
40004 1542302125
40004 1542302126
40003 1542302127
40004 1542302128
40002 1542302129
40004 1542302130
40003 1542302131
40004 1542302132
40000 1542302133
40002 1542302134
40005 1542302135
40002 1542302136
40002 1542302137
40003 1542302138
40005 1542302139
40003 1542302140
40003 1542302141
40003 1542302142
40003 1542302143
40006 1542302144
40000 1542302145
40005 1542302146
40001 1542302147
40000 1542302148
40005 1542302149
40003 1542302150
40002 1542302151
40002 1542302152
40001 1542302153
40004 1542302154
40003 1542302155
40001 1542302156
40003 1542302157
40006 1542302158
40006 1542302159
40001 1542302160
40003 1542302161
40007 1542302162
40001 1542302163
40001 1542302164
40001 1542302165
40005 1542302166
40001 1542302167
40005 1542302168
40006 1542302169
40002 1542302170
40002 1542302171
40005 1542302172
40003 1542302173
40002 1542302174
40003 1542302175
40003 1542302176
40003 1542302177
40003 1542302178
40006 1542302179
40004 1542302180
40003 1542302181
40004 1542302182
40004 1542302183
40003 1542302184
40003 1542302185
40002 1542302186
40002 1542302187
40002 1542302188
40007 1542302189
40002 1542302190
40002 1542302191
40005 1542302192
40001 1542302193
40000 1542302194
40005 1542302195
40001 1542302196
40004 1542302197
4240 1542302198
40003 1542302198
40004 1542302199
40001 1542302200
40000 1542302201
40005 1542302202
40005 1542302203
40003 1542302204
40003 1542302206
40002 1542302207
40004 1542302208
40006 1542302209
40004 1542302210
40004 1542302211
40004 1542302212
40003 1542302213
40000 1542302214
40007 1542302215
40003 1542302216
40001 1542302217
40004 1542302218
40000 1542302219
40003 1542302220
40000 1542302221
40001 1542302222
40004 1542302223
40003 1542302224
40004 1542302225
40010 1542302226
40002 1542302227
40004 1542302228
40002 1542302229
40004 1542302230
920 1542302230
40001 1542302231
40003 1542302232
40003 1542302233
40001 1542302234
40002 1542302235
40006 1542302236
40006 1542302237
40005 1542302238
40005 1542302239
40003 1542302240
40003 1542302241
40002 1542302242
40005 1542302243
40003 1542302244
40002 1542302245
100 1542302245
40003 1542302246
40002 1542302247
40001 1542302248
40001 1542302249
40002 1542302250
40004 1542302251
40001 1542302252
40002 1542302253
40002 1542302254
40003 1542302255
40004 1542302256
40003 1542302257
2800 1542302257
40002 1542302258
40004 1542302259
40001 1542302260
40007 1542302261
40003 1542302262
40009 1542302263
40007 1542302264
40001 1542302265
40001 1542302266
40004 1542302267
40002 1542302268
40004 1542302269
40006 1542302270
40003 1542302271
40004 1542302272
40001 1542302273
40003 1542302274
40001 1542302275
40004 1542302276
40002 1542302277
40007 1542302278
40001 1542302279
40003 1542302280
40006 1542302281
40004 1542302282
40001 1542302283
40006 1542302284
40003 1542302285
40003 1542302286
40003 1542302287
40002 1542302288
40003 1542302289
40005 1542302290
40004 1542302291
40003 1542302292
40003 1542302293
40003 1542302294
40001 1542302295
40002 1542302296
40009 1542302297
40005 1542302298
40002 1542302299
40003 1542302300
40004 1542302301
40005 1542302302
40003 1542302303
40003 1542302304
40001 1542302305
40002 1542302306
40006 1542302307
40001 1542302308
40002 1542302309
40003 1542302310
40005 1542302311
40001 1542302312
40005 1542302313
40004 1542302314
40006 1542302315
40003 1542302316
40002 1542302317
40004 1542302318
40000 1542302319
40002 1542302320
40000 1542302321
40005 1542302322
40005 1542302323
40003 1542302324
40005 1542302325
40003 1542302326
40002 1542302327
40002 1542302328
40003 1542302329
40002 1542302330
40001 1542302331
40002 1542302332
40001 1542302333
40003 1542302334
40002 1542302335
40004 1542302336
40003 1542302337
40002 1542302338
40007 1542302339
40002 1542302340
40003 1542302341
40003 1542302342
40006 1542302343
40003 1542302344
40004 1542302345
40003 1542302346
40003 1542302347
40003 1542302348
40003 1542302349
40003 1542302350
40007 1542302351
40004 1542302352
40004 1542302353
40001 1542302354
40003 1542302355
40002 1542302356
40002 1542302357
40002 1542302358
40006 1542302359
40003 1542302360
40005 1542302361
40004 1542302362
40003 1542302363
40000 1542302364
40003 1542302365
40003 1542302366
40002 1542302367
40004 1542302368
40002 1542302369
40006 1542302370
40004 1542302371
40004 1542302372
40002 1542302373
40002 1542302374
40003 1542302375
40002 1542302376
40006 1542302377
40004 1542302378
40004 1542302379
40004 1542302380
40002 1542302381
40002 1542302382
40002 1542302383
40005 1542302384
40002 1542302385
40005 1542302386
40000 1542302387
40007 1542302388
40004 1542302389
40004 1542302390
40005 1542302391
40002 1542302392
40004 1542302393
40004 1542302394
40001 1542302395
40003 1542302396
40003 1542302397
40006 1542302398
40002 1542302399
40004 1542302400
40001 1542302401
40003 1542302402
40005 1542302403
40003 1542302404
40003 1542302405
100 1542302406
40002 1542302406
40003 1542302407
40002 1542302408
40004 1542302409
40002 1542302410
40000 1542302411
40006 1542302412
40003 1542302413
40005 1542302414
40006 1542302415
40004 1542302416
40003 1542302417
40004 1542302418
40004 1542302419
40003 1542302420
40002 1542302421
40003 1542302422
40004 1542302423
40003 1542302424
40002 1542302425
40007 1542302426
40003 1542302427
40004 1542302428
40004 1542302429
40002 1542302430
40003 1542302431
40003 1542302432
40001 1542302433
40004 1542302434
40002 1542302435
40006 1542302436
40003 1542302437
40004 1542302438
40003 1542302439
40003 1542302440
40004 1542302441
40004 1542302442
40003 1542302443
40004 1542302445
40001 1542302446
40004 1542302447
40005 1542302448
40002 1542302449
40003 1542302450
40001 1542302451
40002 1542302452
40004 1542302453
40006 1542302454
40001 1542302455
40002 1542302456
40002 1542302457
40003 1542302458
40003 1542302459
40003 1542302460
40004 1542302461
40005 1542302462
40000 1542302463
40005 1542302464
40003 1542302465
40004 1542302466
40003 1542302467
40005 1542302468
40001 1542302469
40002 1542302470
40003 1542302471
40002 1542302472
40003 1542302473
40002 1542302474
40005 1542302475
40004 1542302476
40002 1542302477
40003 1542302478
40004 1542302479
40002 1542302480
40002 1542302481
40002 1542302482
40002 1542302483
40002 1542302484
40003 1542302485
40006 1542302486
40007 1542302487
40004 1542302488
40000 1542302489
40003 1542302490
1000 1542302490
40003 1542302491
40000 1542302492
40003 1542302493
40004 1542302494
40002 1542302495
40003 1542302496
40004 1542302497
40003 1542302498
40004 1542302499
40006 1542302500
40001 1542302501
40004 1542302502
40000 1542302503
40003 1542302504
40006 1542302505
40006 1542302506
40005 1542302507
40005 1542302508
40005 1542302509
40002 1542302510
40003 1542302511
40003 1542302512
40004 1542302513
40001 1542302514
40003 1542302515
40002 1542302516
40006 1542302517
40002 1542302518
40003 1542302519
40001 1542302520
40004 1542302521
40002 1542302522
40003 1542302523
40001 1542302524
5400 1542302525
40004 1542302525
40003 1542302526
40001 1542302527
40008 1542302528
40002 1542302529
40001 1542302530
40004 1542302531
40004 1542302532
40005 1542302533
40003 1542302534
40001 1542302535
40003 1542302536
40003 1542302537
40003 1542302538
40002 1542302539
40004 1542302540
40003 1542302541
40004 1542302542
40003 1542302543
40003 1542302544
40003 1542302545
40004 1542302546
40002 1542302547
40001 1542302548
40001 1542302549
40005 1542302550
40004 1542302551
40005 1542302552
40003 1542302553
40004 1542302554
40008 1542302555
40002 1542302556
40002 1542302557
40004 1542302558
580 1542302559
40003 1542302559
40001 1542302560
40004 1542302561
40004 1542302562
40003 1542302563
40003 1542302564
7820 1542302564
40002 1542302565
40002 1542302566
40005 1542302567
40003 1542302568
40000 1542302569
40003 1542302570
40004 1542302571
40003 1542302572
40004 1542302573
40007 1542302574
40001 1542302575
40003 1542302576
40003 1542302577
40001 1542302578
40002 1542302579
40005 1542302580
40005 1542302581
40002 1542302582
40002 1542302583
40004 1542302584
40001 1542302585
40004 1542302586
40001 1542302587
40003 1542302588
40005 1542302589
40001 1542302590
40004 1542302591
40005 1542302592
40001 1542302593
40001 1542302594
40002 1542302595
40004 1542302596
40002 1542302597
40004 1542302598
40003 1542302599
40003 1542302600
40004 1542302601
40002 1542302602
40003 1542302603
40004 1542302604
40003 1542302605
40003 1542302606
40001 1542302607
40004 1542302608
40002 1542302609
40003 1542302610
40004 1542302611
40006 1542302612
40003 1542302613
40003 1542302614
40002 1542302615
40004 1542302616
40005 1542302617
40005 1542302618
40008 1542302619
40004 1542302620
40004 1542302621
40002 1542302622
40004 1542302623
40004 1542302624
40003 1542302625
40002 1542302626
40003 1542302627
40005 1542302628
40001 1542302629
40004 1542302630
40005 1542302631
40001 1542302632
40002 1542302633
40004 1542302634
40004 1542302635
40003 1542302636
40001 1542302637
40002 1542302638
40004 1542302639
40003 1542302640
40001 1542302641
40004 1542302642
40005 1542302643
40003 1542302644
40001 1542302645
40003 1542302646
40005 1542302647
40002 1542302648
40006 1542302649
40005 1542302650
40003 1542302651
40003 1542302652
40004 1542302653
40004 1542302654
40002 1542302655
40001 1542302656
40002 1542302657
40004 1542302658
40005 1542302659
40001 1542302660
40006 1542302661
40003 1542302662
40002 1542302663
40005 1542302664
40004 1542302665
40001 1542302666
40003 1542302667
40003 1542302668
40003 1542302669
40001 1542302670
40003 1542302671
40001 1542302672
40000 1542302673
40001 1542302674
40003 1542302675
40000 1542302676
40006 1542302677
40002 1542302678
40004 1542302679
40003 1542302680
40005 1542302681
40005 1542302682
40001 1542302683
40003 1542302684
40007 1542302685
40002 1542302686
40001 1542302687
40003 1542302688
40001 1542302689
40002 1542302690
40001 1542302691
40004 1542302692
40005 1542302693
40004 1542302694
40004 1542302695
40004 1542302696
40004 1542302697
40005 1542302698
40003 1542302700
40002 1542302701
40003 1542302702
40002 1542302703
40004 1542302704
40000 1542302705
40003 1542302706
40001 1542302707
40000 1542302708
40005 1542302709
40005 1542302710
40002 1542302711
40003 1542302712
40002 1542302713
40002 1542302714
40005 1542302715
40001 1542302716
40002 1542302717
40005 1542302718
40004 1542302719
40002 1542302720
40001 1542302721
40005 1542302722
40001 1542302723
40003 1542302724
40004 1542302725
40003 1542302726
40005 1542302727
40003 1542302728
40000 1542302729
40003 1542302730
40003 1542302731
40005 1542302732
40001 1542302733
40002 1542302734
40004 1542302735
40003 1542302736
40004 1542302737
1200 1542302737
40005 1542302738
40005 1542302739
40004 1542302740
40006 1542302741
40001 1542302742
40005 1542302743
40001 1542302744
40003 1542302745
40002 1542302746
40004 1542302747
40002 1542302748
40005 1542302749
40006 1542302750
40004 1542302751
40003 1542302752
40005 1542302753
40003 1542302754
40003 1542302755
40001 1542302756
40004 1542302757
40001 1542302758
40005 1542302759
40006 1542302760
40001 1542302761
40005 1542302762
40004 1542302763
40001 1542302764
40005 1542302765
40004 1542302766
40004 1542302767
40003 1542302768
40001 1542302769
40003 1542302770
40003 1542302771
40002 1542302772
40002 1542302773
40007 1542302774
40006 1542302775
40003 1542302776
40002 1542302777
40002 1542302778
40003 1542302779
40003 1542302780
40006 1542302781
40003 1542302782
40006 1542302783
40003 1542302784
40002 1542302785
40002 1542302786
40001 1542302787
40004 1542302788
40004 1542302789
40001 1542302790
40003 1542302791
40003 1542302792
40001 1542302793
40005 1542302794
40003 1542302795
40004 1542302796
40005 1542302797
40004 1542302798
40002 1542302799
40003 1542302800
40004 1542302801
40000 1542302802
40005 1542302803
40001 1542302804
40002 1542302805
40002 1542302806
40003 1542302807
40006 1542302808
40005 1542302809
40003 1542302810
40003 1542302811
40000 1542302812
40002 1542302813
40005 1542302814
40003 1542302815
40003 1542302816
40007 1542302817
40007 1542302818
40002 1542302819
40001 1542302820
40003 1542302821
40004 1542302822
40001 1542302823
40003 1542302824
40006 1542302825
40005 1542302826
40005 1542302827
40002 1542302828
40006 1542302829
40002 1542302830
40004 1542302831
40004 1542302832
40003 1542302833
40002 1542302834
40002 1542302835
40004 1542302836
40006 1542302837
40003 1542302838
40003 1542302839
40003 1542302840
40005 1542302841
40002 1542302842
40004 1542302843
40003 1542302844
40003 1542302845
40000 1542302846
40005 1542302847
40000 1542302848
40001 1542302849
40002 1542302850
40001 1542302851
40003 1542302852
40004 1542302853
40002 1542302854
40000 1542302855
40003 1542302856
40000 1542302857
40005 1542302858
40005 1542302859
40005 1542302860
40005 1542302861
40004 1542302862
240 1542302863
40004 1542302863
40002 1542302864
40001 1542302865
40003 1542302866
40003 1542302867
40003 1542302868
40003 1542302869
40006 1542302870
40001 1542302871
40003 1542302872
40001 1542302873
40002 1542302874
40002 1542302875
40006 1542302876
40005 1542302877
40006 1542302878
40005 1542302879
40002 1542302880
40000 1542302881
40004 1542302882
40004 1542302883
40006 1542302884
40000 1542302885
40004 1542302886
40006 1542302887
40003 1542302888
40004 1542302889
40002 1542302890
40003 1542302891
40005 1542302892
40006 1542302893
40000 1542302894
40001 1542302895
40006 1542302896
40001 1542302897
40003 1542302898
40004 1542302899
40003 1542302900
40004 1542302901
40002 1542302902
40005 1542302903
40002 1542302904
40007 1542302905
40002 1542302906
40005 1542302907
40005 1542302908
40003 1542302909
40004 1542302910
40003 1542302911
40005 1542302912
40004 1542302913
40003 1542302914
40002 1542302915
40004 1542302916
40001 1542302917
40006 1542302918
40001 1542302919
40004 1542302920
40004 1542302921
40007 1542302922
40004 1542302923
40004 1542302924
40002 1542302925
40001 1542302926
40002 1542302927
40004 1542302928
40002 1542302929
40004 1542302930
40004 1542302931
40006 1542302932
40003 1542302933
40003 1542302934
40002 1542302935
40003 1542302936
40001 1542302937
40003 1542302938
40004 1542302939
40001 1542302940
40003 1542302941
40003 1542302942
40002 1542302943
40006 1542302944
40004 1542302946
40003 1542302947
40001 1542302948
40007 1542302949
40003 1542302950
40002 1542302951
40004 1542302952
40006 1542302953
40002 1542302954
40002 1542302955
40004 1542302956
40003 1542302957
40005 1542302958
40000 1542302959
40005 1542302960
40006 1542302961
40002 1542302962
40002 1542302963
40005 1542302964
40003 1542302965
40004 1542302966
40003 1542302967
40001 1542302968
40005 1542302969
40001 1542302970
40003 1542302971
40004 1542302972
40005 1542302973
40002 1542302974
40004 1542302975
40003 1542302976
40002 1542302977
40001 1542302978
40002 1542302979
40002 1542302980
40002 1542302981
40000 1542302982
40003 1542302983
40002 1542302984
40002 1542302985
40002 1542302986
40004 1542302987
40006 1542302988
40003 1542302989
40000 1542302990
40002 1542302991
40006 1542302992
40005 1542302993
40002 1542302994
40006 1542302995
40003 1542302996
40006 1542302997
40007 1542302998
40002 1542302999
40001 1542303000
40002 1542303001
40004 1542303002
40003 1542303003
40002 1542303004
40002 1542303005
40000 1542303006
40003 1542303007
40003 1542303008
40004 1542303009
40008 1542303010
40004 1542303011
40002 1542303012
40003 1542303013
40001 1542303014
40001 1542303015
40000 1542303016
40004 1542303017
40002 1542303018
40002 1542303019
40002 1542303020
40002 1542303021
40001 1542303022
40002 1542303023
40002 1542303024
40005 1542303025
40001 1542303026
40001 1542303027
40003 1542303028
40007 1542303029
40004 1542303030
40004 1542303031
40003 1542303032
40001 1542303033
40004 1542303034
40006 1542303035
40004 1542303036
40001 1542303037
40003 1542303038
40004 1542303039
40004 1542303040
40002 1542303041
40004 1542303042
40001 1542303043
40003 1542303044
40001 1542303045
40002 1542303046
40006 1542303047
40005 1542303048
40006 1542303049
40000 1542303050
40002 1542303051
40001 1542303052
40002 1542303053
40002 1542303054
40005 1542303055
40004 1542303056
40002 1542303057
40000 1542303058
40005 1542303059
40002 1542303060
40002 1542303061
40002 1542303062
40002 1542303063
40004 1542303064
40008 1542303065
40002 1542303066
40005 1542303067
40003 1542303068
40005 1542303069
40001 1542303070
40005 1542303071
40004 1542303072
40002 1542303073
40002 1542303074
40001 1542303075
40005 1542303076
40003 1542303077
40003 1542303078
40006 1542303079
40001 1542303080
40003 1542303081
40004 1542303082
40003 1542303083
40003 1542303084
40004 1542303085
40000 1542303086
40004 1542303087
40004 1542303088
40002 1542303089
40004 1542303090
40004 1542303091
40002 1542303092
40005 1542303093
40002 1542303094
40005 1542303095
40002 1542303096
40004 1542303097
40007 1542303098
40003 1542303099
40003 1542303100
40004 1542303101
40004 1542303102
40005 1542303103
40000 1542303104
40003 1542303105
40002 1542303106
40009 1542303107
40003 1542303108
40002 1542303109
40003 1542303110
40003 1542303111
40001 1542303112
40001 1542303113
40000 1542303114
40003 1542303115
40004 1542303116
40000 1542303117
40001 1542303118
40001 1542303119
40005 1542303120
40000 1542303121
40003 1542303122
40003 1542303123
40002 1542303124
40003 1542303125
40003 1542303126
40002 1542303127
40001 1542303128
40004 1542303129
40001 1542303130
40002 1542303131
40004 1542303132
40004 1542303133
40006 1542303134
40007 1542303135
40005 1542303136
40001 1542303137
40003 1542303138
40002 1542303139
40002 1542303140
40003 1542303141
40001 1542303142
40001 1542303143
40001 1542303144
40004 1542303145
40002 1542303146
40001 1542303147
40004 1542303148
40005 1542303149
40002 1542303150
40002 1542303151
40003 1542303152
40007 1542303153
40005 1542303154
40004 1542303155
40006 1542303156
40005 1542303157
40002 1542303158
40002 1542303159
40003 1542303160
40005 1542303161
40004 1542303162
40004 1542303163
40004 1542303164
40004 1542303165
40006 1542303166
40000 1542303167
40006 1542303168
40004 1542303169
40001 1542303170
40002 1542303171
40004 1542303172
40005 1542303173
40002 1542303174
40004 1542303175
40005 1542303176
40004 1542303177
40002 1542303178
40001 1542303179
40001 1542303180
40000 1542303181
40005 1542303182
40002 1542303183
40000 1542303184
40001 1542303185
40002 1542303186
40002 1542303187
40006 1542303188
40001 1542303189
40003 1542303190
40004 1542303191
40002 1542303192
40004 1542303193
40003 1542303194
40002 1542303195
40005 1542303196
40004 1542303197
40002 1542303198
40004 1542303199
40003 1542303200
40006 1542303201
40004 1542303202
40008 1542303203
40002 1542303205
40005 1542303206
40000 1542303207
40004 1542303208
40005 1542303209
40002 1542303210
40003 1542303211
40003 1542303212
40003 1542303213
40006 1542303214
40004 1542303215
40003 1542303216
40004 1542303217
40006 1542303218
40003 1542303219
40010 1542303220
40002 1542303221
40004 1542303222
40003 1542303223
40005 1542303224
40000 1542303225
40002 1542303226
40003 1542303227
40003 1542303228
40005 1542303229
40005 1542303230
40005 1542303231
40003 1542303232
40002 1542303233
40005 1542303234
40003 1542303235
40005 1542303236
40003 1542303237
40001 1542303238
40003 1542303239
40006 1542303240
40002 1542303241
40001 1542303242
40003 1542303243
40002 1542303244
40004 1542303245
40004 1542303246
40004 1542303247
40002 1542303248
40002 1542303249
40001 1542303250
40000 1542303251
40005 1542303252
40001 1542303253
40006 1542303254
40005 1542303255
40002 1542303256
40005 1542303257
40005 1542303258
40006 1542303259
40001 1542303260
40004 1542303261
40002 1542303262
40005 1542303263
40003 1542303264
40001 1542303265
40005 1542303266
40006 1542303267
40002 1542303268
40002 1542303269
40003 1542303270
40002 1542303271
40003 1542303272
40001 1542303273
40008 1542303274
40001 1542303275
40002 1542303276
40010 1542303277
40006 1542303278
40005 1542303279
40002 1542303280
40003 1542303281
40004 1542303282
40001 1542303283
40002 1542303284
40004 1542303285
40002 1542303286
40005 1542303287
40003 1542303288
40003 1542303289
40002 1542303290
40001 1542303291
40005 1542303292
40005 1542303293
40005 1542303294
40003 1542303295
40002 1542303296
40003 1542303297
40003 1542303298
40005 1542303299
40004 1542303300
40002 1542303301
40001 1542303302
40001 1542303303
40000 1542303304
40003 1542303305
40003 1542303306
40005 1542303307
40001 1542303308
40002 1542303309
40003 1542303310
40001 1542303311
40004 1542303312
40002 1542303313
40005 1542303314
40001 1542303315
40001 1542303316
40005 1542303317
40002 1542303318
40001 1542303319
40003 1542303320
900 1542303320
40002 1542303321
40001 1542303322
40003 1542303323
40003 1542303324
40002 1542303325
40004 1542303326
40002 1542303327
40005 1542303328
40003 1542303329
40002 1542303330
40005 1542303331
40002 1542303332
40002 1542303333
40002 1542303334
40003 1542303335
40001 1542303336
40000 1542303337
40001 1542303338
40003 1542303339
40002 1542303340
40000 1542303341
40010 1542303342
40001 1542303343
40002 1542303344
40006 1542303345
40004 1542303346
40001 1542303347
40002 1542303348
40001 1542303349
40002 1542303350
40000 1542303351
40002 1542303352
40001 1542303353
40004 1542303354
40003 1542303355
40002 1542303356
40004 1542303357
40006 1542303358
40001 1542303359
40004 1542303360
40003 1542303361
40000 1542340781
40000 1542340782
40000 1542340783
40000 1542340784
40000 1542340785
40000 1542340786
40000 1542340787
40000 1542340788
40000 1542340789
40000 1542340790
40000 1542340791
40000 1542340792
40000 1542340793
40000 1542340794
40000 1542340795
40000 1542340796
40000 1542340797
40000 1542340798
40000 1542340799
40000 1542340800
40000 1542340801
40000 1542340802
40000 1542340803
40000 1542340804
40000 1542340805
40000 1542340806
40000 1542340807
40000 1542340808
40000 1542340809
40000 1542340810
40000 1542340811
40000 1542340812
40000 1542340813
40000 1542340814
40000 1542340815
40000 1542340816
40000 1542340817
40000 1542340818
40000 1542340819
40000 1542340820
40000 1542340821
40000 1542340822
40000 1542340823
40000 1542340824
40000 1542340825
40000 1542340826
40000 1542340827
40000 1542340828
40000 1542340829
40000 1542340830
40000 1542340831
40000 1542340832
40000 1542340833
40000 1542340834
40000 1542340835
40000 1542340836
40000 1542340837
40000 1542340838
40000 1542340839
40000 1542340840
40000 1542340841
40000 1542340842
40000 1542340843
40000 1542340844
40000 1542340845
40000 1542340846
40000 1542340847
40000 1542340848
40000 1542340849
40000 1542340850
40000 1542340851
40000 1542340852
40000 1542340853
40000 1542340854
40000 1542340855
40000 1542340856
40000 1542340857
40000 1542340858
40000 1542340859
40000 1542340860
40000 1542340861
40000 1542340862
40000 1542340863
40000 1542340864
40000 1542340865
40000 1542340866
40000 1542340867
40000 1542340868
40000 1542340869
40000 1542340870
40000 1542340871
40000 1542340872
40000 1542340873
40000 1542340874
40000 1542340875
40000 1542340876
40000 1542340877
40000 1542340878
40000 1542340879
40000 1542340880
40000 1542340881
40000 1542340882
40000 1542340883
40000 1542340884
40000 1542340885
40000 1542340886
40000 1542340887
40000 1542340888
40000 1542340889
40000 1542340890
40000 1542340891
40000 1542340892
40000 1542340893
40000 1542340894
40000 1542340895
40000 1542340896
40000 1542340897
40000 1542340898
40000 1542340899
40000 1542340900
40000 1542340901
40000 1542340902
40000 1542340903
40000 1542340904
40000 1542340905
40000 1542340906
40000 1542340907
40000 1542340908
40000 1542340909
40000 1542340910
40000 1542340911
40000 1542340912
40000 1542340913
40000 1542340914
40000 1542340915
40000 1542340916
40000 1542340917
40000 1542340918
40000 1542340919
40000 1542340920
40000 1542340921
40000 1542340922
40000 1542340923
40000 1542340924
40000 1542340925
40000 1542340926
40000 1542340927
40000 1542340928
40000 1542340929
40000 1542340930
40000 1542340931
40000 1542340932
40000 1542340933
40000 1542340934
40000 1542340935
40000 1542340936
40000 1542340937
40000 1542340938
40000 1542340939
40000 1542340940
40000 1542340941
40000 1542340942
40000 1542340943
40000 1542340944
40000 1542340945
40000 1542340946
40000 1542340947
40000 1542340948
40000 1542340949
40000 1542340950
40000 1542340951
40000 1542340952
40000 1542340953
40000 1542340954
40000 1542340955
40000 1542340956
40000 1542340957
40000 1542340958
40000 1542340959
40000 1542340961
40000 1542340962
40000 1542340963
40000 1542340964
40000 1542340965
40000 1542340966
40000 1542340967
40000 1542340968
40000 1542340969
40000 1542340970
40000 1542340971
40000 1542340972
40000 1542340973
40000 1542340974
40000 1542340975
40000 1542340976
40000 1542340977
40000 1542340978
40000 1542340979
40000 1542340980
40000 1542340981
40000 1542340982
40000 1542340983
40000 1542340984
40000 1542340985
40000 1542340986
40000 1542340987
40000 1542340988
40000 1542340989
40000 1542340990
40000 1542340991
40000 1542340992
40000 1542340993
40000 1542340994
40000 1542340995
40000 1542340996
40000 1542340997
40000 1542340998
40000 1542340999
40000 1542341000
40000 1542341001
40000 1542341002
40000 1542341003
40000 1542341004
40000 1542341005
40000 1542341006
40000 1542341007
40000 1542341008
40000 1542341009
40000 1542341010
40000 1542341011
40000 1542341012
40000 1542341013
40000 1542341014
40000 1542341015
40000 1542341016
40000 1542341017
40000 1542341018
40000 1542341019
40000 1542341020
40000 1542341021
40000 1542341022
40000 1542341023
40000 1542341024
40000 1542341025
40000 1542341026
40000 1542341027
40000 1542341028
40000 1542341029
40000 1542341030
40000 1542341031
40000 1542341032
40000 1542341033
40000 1542341034
40000 1542341035
40000 1542341036
40000 1542341037
40000 1542341038
40000 1542367552
40000 1542367553
40000 1542367554
40000 1542367555
40000 1542367556
40000 1542367557
40000 1542367558
40000 1542367559
40000 1542367560
40000 1542367561
40000 1542367562
40000 1542367563
40000 1542367564
40000 1542367565
40000 1542367566
40000 1542367567
40000 1542367568
40000 1542367569
40000 1542367570
40000 1542367571
40000 1542367572
40040 1542367573
40001 1542367574
40003 1542367575
40001 1542367576
40002 1542367578
40002 1542367579
40004 1542367580
40004 1542367581
40002 1542367582
40004 1542367583
40001 1542367584
40007 1542367585
40003 1542367586
40001 1542367587
40002 1542367588
40002 1542367589
40001 1542367590
40001 1542367591
40001 1542367592
40004 1542367593
40001 1542367594
40004 1542367595
40005 1542367596
40002 1542367597
40003 1542367598
40005 1542367599
40003 1542367600
40000 1542367601
40003 1542367602
40004 1542367603
40003 1542367604
40006 1542367605
40003 1542367606
40005 1542367607
40002 1542367608
40002 1542367609
40004 1542367610
40003 1542367611
40004 1542367612
40002 1542367613
40005 1542367614
40001 1542367615
40003 1542367616
40002 1542367617
40002 1542367618
40002 1542367619
40003 1542367620
40004 1542367621
40004 1542367622
40003 1542367623
40001 1542367624
40000 1542367625
40003 1542367626
40002 1542367627
40004 1542367628
40004 1542367629
40000 1542367630
40003 1542367631
40002 1542367632
40003 1542367633
40003 1542367634
40002 1542367635
40003 1542367636
40003 1542367637
40002 1542367638
40001 1542367639
40004 1542367640
40003 1542367641
40003 1542367642
40004 1542367643
40003 1542367644
