40000 1542367800
40000 1542367801
40000 1542367802
40000 1542367803
40000 1542367804
40000 1542367805
40000 1542367806
40000 1542367814
40000 1542367815
40010 1542367816
40005 1542367817
40002 1542367818
40002 1542367819
40004 1542367820
40001 1542367821
40004 1542367823
40000 1542367824
40004 1542367825
40001 1542367826
40001 1542367827
40003 1542367828
40004 1542367829
40002 1542367830
40003 1542367831
40005 1542367832
40002 1542367833
40004 1542367834
40006 1542367835
40003 1542367836
40005 1542367837
40000 1542367838
40005 1542367839
40005 1542367840
40000 1542367841
40004 1542367842
40003 1542367843
40001 1542367844
40005 1542367845
40002 1542367846
40002 1542367847
40002 1542367848
40001 1542367849
40004 1542367850
40005 1542367851
40002 1542367852
40001 1542367853
40005 1542367854
40003 1542367855
40002 1542367856
40003 1542367857
40004 1542367858
40002 1542367859
40004 1542367860
40000 1542367861
40001 1542367862
40000 1542367863
40006 1542367864
40004 1542367865
40004 1542367866
40004 1542367867
40002 1542367868
40006 1542367869
40006 1542367870
40002 1542367871
40001 1542367872
40003 1542367873
40003 1542367874
40005 1542367875
40002 1542367876
40004 1542367877
40004 1542367878
40003 1542367879
40001 1542367880
40000 1542367881
40001 1542367882
40004 1542367883
40002 1542367884
40003 1542367885
40000 1542367886
40005 1542367887
40003 1542367888
40004 1542367889
40002 1542367890
40003 1542367891
40003 1542367892
40005 1542367893
40001 1542367894
40005 1542367895
40002 1542367896
40007 1542367897
40002 1542367898
40002 1542367899
40000 1542367900
40003 1542367901
40001 1542367902
40000 1542367903
40005 1542367904
40001 1542367905
40007 1542367906
40004 1542367907
40002 1542367908
40004 1542367909
40003 1542367910
40002 1542367911
40004 1542367912
1180 1542367912
40004 1542367913
40002 1542367914
40001 1542367915
40002 1542367916
40001 1542367917
40002 1542367918
40004 1542367919
40002 1542367920
40001 1542367921
40002 1542367922
40002 1542367923
40002 1542367924
40001 1542367925
40005 1542367926
40006 1542367927
40004 1542367928
40003 1542367929
40004 1542367930
40001 1542367931
40006 1542367932
40003 1542367933
40002 1542367934
40001 1542367935
40003 1542367936
40002 1542367937
40010 1542367938
40003 1542367939
40003 1542367940
40001 1542367941
40001 1542367942
40003 1542367943
40004 1542367944
40002 1542367945
40001 1542367946
40008 1542367947
40004 1542367948
40005 1542367949
40005 1542367950
40003 1542367951
40002 1542367952
40005 1542367953
40002 1542367954
40002 1542367955
40004 1542367956
40005 1542367957
40006 1542367958
40003 1542367959
40002 1542367960
40008 1542367961
40003 1542367962
40004 1542367963
40004 1542367964
40001 1542367965
40001 1542367966
1900 1542367966
40002 1542367967
40007 1542367968
40002 1542367969
40002 1542367970
40002 1542367971
40004 1542367972
40001 1542367973
40001 1542367974
40004 1542367975
40002 1542367976
40002 1542367977
40005 1542367978
40004 1542367979
40004 1542367980
40004 1542367981
40005 1542367982
40006 1542367983
40003 1542367984
2780 1542367984
40002 1542367985
40000 1542367986
40003 1542367987
40002 1542367988
40005 1542367989
40001 1542367990
40003 1542367991
40002 1542367992
40002 1542367993
40005 1542367994
40003 1542367995
40000 1542367996
40005 1542367997
40005 1542367998
40001 1542367999
40001 1542368000
40003 1542368001
40002 1542368002
40003 1542368003
40005 1542368004
40001 1542368005
40001 1542368006
40005 1542368007
40001 1542368008
40003 1542368009
40004 1542368010
40002 1542368011
40000 1542368012
40003 1542368013
40002 1542368014
40001 1542368015
40003 1542368016
40003 1542368017
40004 1542368018
40004 1542368019
40005 1542368020
40004 1542368021
40002 1542368022
40004 1542368023
40002 1542368024
40004 1542368025
40001 1542368026
40002 1542368027
40002 1542368028
40003 1542368029
40003 1542368030
40003 1542368031
40000 1542368032
40003 1542368033
40004 1542368034
40002 1542368035
40004 1542368036
40005 1542368037
40002 1542368038
40006 1542368039
40002 1542368040
40005 1542368041
40001 1542368042
40003 1542368043
40003 1542368044
40005 1542368045
40001 1542368046
40002 1542368047
40004 1542368048
40001 1542368049
40003 1542368050
40005 1542368051
9840 1542368052
40003 1542368052
40004 1542368053
40000 1542368054
40001 1542368055
40004 1542368056
40004 1542368057
40002 1542368058
40002 1542368059
40003 1542368060
40003 1542368061
40000 1542368062
40003 1542368063
40003 1542368064
40003 1542368065
40005 1542368066
40001 1542368067
40001 1542368068
40007 1542368069
40004 1542368070
40002 1542368071
40002 1542368072
40001 1542368073
40003 1542368074
40002 1542368075
40003 1542368076
40003 1542368077
40001 1542368078
40002 1542368079
40002 1542368080
40004 1542368081
40002 1542368082
40004 1542368083
40004 1542368084
40006 1542368085
40005 1542368086
40006 1542368087
40002 1542368088
40001 1542368089
540 1542368090
40003 1542368090
40006 1542368092
40000 1542368093
40005 1542368094
40005 1542368095
40006 1542368096
40003 1542368097
40001 1542368098
40003 1542368099
40005 1542368100
40003 1542368101
40003 1542368102
40002 1542368103
40003 1542368104
40008 1542368105
40006 1542368106
40001 1542368107
40001 1542368108
40002 1542368109
40001 1542368110
40002 1542368111
40004 1542368112
40005 1542368113
40002 1542368114
40003 1542368115
40003 1542368116
40002 1542368117
40002 1542368118
40005 1542368119
40001 1542368120
40004 1542368121
40002 1542368122
40006 1542368123
40001 1542368124
40004 1542368125
40004 1542368126
40004 1542368127
40003 1542368128
40003 1542368129
40002 1542368130
40001 1542368131
40001 1542368132
40000 1542368133
40003 1542368134
40000 1542368135
40005 1542368136
40002 1542368137
40003 1542368138
40002 1542368139
40002 1542368140
40002 1542368141
40003 1542368142
40004 1542368143
40001 1542368144
40008 1542368145
40003 1542368146
40003 1542368147
40004 1542368148
40005 1542368149
40003 1542368150
40002 1542368151
40004 1542368152
40001 1542368153
40001 1542368154
40001 1542368155
40003 1542368156
40006 1542368157
40002 1542368158
40000 1542368159
40002 1542368160
40003 1542368161
40002 1542368162
40001 1542368163
40009 1542368164
40001 1542368165
40001 1542368166
40002 1542368167
40001 1542368168
40002 1542368169
40003 1542368170
40005 1542368171
40002 1542368172
40004 1542368173
40001 1542368174
40002 1542368175
40002 1542368176
40004 1542368177
40001 1542368178
40002 1542368179
40004 1542368180
40003 1542368181
40000 1542368182
460 1542368183
40005 1542368183
40002 1542368184
40001 1542368185
40005 1542368186
40002 1542368187
40005 1542368188
40006 1542368189
40002 1542368190
40004 1542368191
40005 1542368192
40000 1542368193
40002 1542368194
40003 1542368195
40002 1542368196
40004 1542368197
40001 1542368198
40002 1542368199
40000 1542368200
40005 1542368201
40002 1542368202
40004 1542368203
40005 1542368204
40008 1542368205
40007 1542368206
40005 1542368207
40001 1542368208
40004 1542368209
40002 1542368210
40002 1542368211
40002 1542368212
40004 1542368213
40003 1542368214
40002 1542368215
40006 1542368216
40002 1542368217
40002 1542368218
40005 1542368219
40002 1542368220
40002 1542368221
40005 1542368222
40005 1542368223
40002 1542368224
40003 1542368225
40002 1542368226
40003 1542368227
40001 1542368228
40006 1542368229
40004 1542368230
40003 1542368231
40005 1542368232
40001 1542368233
40001 1542368234
40001 1542368235
40003 1542368236
40005 1542368237
40003 1542368238
40005 1542368239
40002 1542368240
40007 1542368241
40004 1542368242
40004 1542368243
40002 1542368244
40003 1542368245
40000 1542368246
40004 1542368247
40001 1542368248
40001 1542368249
40001 1542368250
40002 1542368251
40004 1542368252
40004 1542368253
40000 1542368254
40003 1542368255
40004 1542368256
40008 1542368257
40002 1542368258
40003 1542368259
40004 1542368260
40005 1542368261
40004 1542368262
40003 1542368263
40002 1542368264
40005 1542368265
40005 1542368266
40005 1542368267
40003 1542368268
40002 1542368269
80 1542368269
40005 1542368270
40003 1542368271
40004 1542368272
40007 1542368273
40006 1542368274
40004 1542368275
40002 1542368276
40003 1542368277
40007 1542368278
40003 1542368279
40006 1542368280
40002 1542368281
40004 1542368282
40004 1542368283
40002 1542368284
40003 1542368285
40004 1542368286
40003 1542368287
40002 1542368288
40004 1542368289
40003 1542368290
40004 1542368291
40002 1542368292
40001 1542368293
40004 1542368294
40002 1542368295
40004 1542368296
40002 1542368297
40001 1542368298
40001 1542368299
40003 1542368300
40002 1542368301
40003 1542368302
40001 1542368303
40003 1542368304
40002 1542368305
40003 1542368306
40002 1542368307
40003 1542368308
40004 1542368309
40003 1542368310
40004 1542368311
40001 1542368312
40006 1542368313
40000 1542368314
780 1542368315
40004 1542368315
40002 1542368316
40003 1542368317
40002 1542368318
40003 1542368319
40005 1542368320
40004 1542368321
40003 1542368322
40003 1542368323
40002 1542368324
40004 1542368325
40004 1542368326
40002 1542368327
40001 1542368328
40002 1542368329
40002 1542368330
40003 1542368331
40008 1542368332
40003 1542368333
40001 1542368334
40003 1542368335
40004 1542368336
40003 1542368337
40004 1542368338
40002 1542368339
40002 1542368340
40003 1542368341
40007 1542368342
40004 1542368343
40005 1542368344
40002 1542368345
40005 1542368346
40002 1542368347
40006 1542368348
40005 1542368349
40002 1542368350
40000 1542368351
40005 1542368352
40005 1542368353
40004 1542368354
40003 1542368355
40002 1542368356
40001 1542368357
40002 1542368358
40004 1542368359
40003 1542368360
40006 1542368361
40005 1542368362
40004 1542368363
40005 1542368364
40007 1542368365
40001 1542368366
40001 1542368367
40002 1542368369
40002 1542368370
40005 1542368371
40002 1542368372
40003 1542368373
40000 1542368374
40003 1542368375
40003 1542368376
40002 1542368377
40001 1542368378
40002 1542368379
40002 1542368380
40005 1542368381
40000 1542368382
40006 1542368383
40003 1542368384
40005 1542368385
40004 1542368386
40005 1542368387
40002 1542368388
40002 1542368389
40003 1542368390
40006 1542368391
40001 1542368392
40001 1542368393
40005 1542368394
40001 1542368395
40001 1542368396
40005 1542368397
40002 1542368398
40003 1542368399
40004 1542368400
40004 1542368401
40001 1542368402
40001 1542368403
40007 1542368404
40005 1542368405
40005 1542368406
40003 1542368407
40004 1542368408
40002 1542368409
40004 1542368410
40000 1542368411
40001 1542368412
40004 1542368413
40001 1542368414
40002 1542368415
40003 1542368416
40002 1542368417
40002 1542368418
40002 1542368419
40002 1542368420
40004 1542368421
40002 1542368422
40004 1542368423
40002 1542368424
40003 1542368425
40004 1542368426
40004 1542368427
40002 1542368428
40004 1542368429
40006 1542368430
40002 1542368431
40003 1542368432
40002 1542368433
220 1542368433
40004 1542368434
40003 1542368435
40001 1542368436
40007 1542368437
40004 1542368438
40002 1542368439
40004 1542368440
40002 1542368441
40003 1542368442
40005 1542368443
40002 1542368444
40002 1542368445
40002 1542368446
40003 1542368447
40001 1542368448
40002 1542368449
40003 1542368450
40003 1542368451
40005 1542368452
40003 1542368453
40006 1542368454
40000 1542368455
40004 1542368456
40004 1542368457
40004 1542368458
40002 1542368459
40001 1542368460
40004 1542368461
40004 1542368462
40005 1542368463
40001 1542368464
40002 1542368465
40010 1542368466
40003 1542368467
40003 1542368468
40001 1542368469
40005 1542368470
40002 1542368471
40003 1542368472
40003 1542368473
40003 1542368474
40003 1542368475
40000 1542368476
40005 1542368477
40001 1542368478
40001 1542368479
40002 1542368480
40004 1542368481
40005 1542368482
40005 1542368483
40005 1542368484
40002 1542368485
40001 1542368486
40004 1542368487
40007 1542368488
40003 1542368489
40002 1542368490
40003 1542368491
40003 1542368492
40001 1542368493
40002 1542368494
40002 1542368495
40002 1542368496
40004 1542368497
40004 1542368498
40003 1542368499
40003 1542368501
40004 1542368502
40003 1542368503
40004 1542368504
40000 1542368505
40003 1542368506
40004 1542368507
40002 1542368508
40003 1542368509
40000 1542368510
40004 1542368511
40002 1542368512
40004 1542368513
40006 1542368514
40002 1542368515
40001 1542368516
40003 1542368517
40004 1542368518
40004 1542368519
40002 1542368520
40000 1542368521
40005 1542368522
40003 1542368523
40001 1542368524
40004 1542368525
40003 1542368526
40003 1542368527
40004 1542368528
40003 1542368529
40004 1542368530
40001 1542368531
40002 1542368532
40004 1542368533
40004 1542368534
40001 1542368535
40003 1542368536
40003 1542368537
40001 1542368538
40002 1542368539
40004 1542368540
40001 1542368541
40002 1542368542
40001 1542368543
40005 1542368544
580 1542368544
40005 1542368545
40001 1542368546
40006 1542368547
40002 1542368548
40005 1542368549
40004 1542368550
40003 1542368551
40002 1542368552
40005 1542368553
40006 1542368554
40004 1542368555
40004 1542368556
40005 1542368557
40006 1542368558
40001 1542368559
40003 1542368560
40001 1542368561
40002 1542368562
40004 1542368563
40004 1542368564
40003 1542368565
40004 1542368566
40002 1542368567
40002 1542368568
40000 1542368569
40002 1542368570
40004 1542368571
40000 1542368572
40001 1542368573
40002 1542368574
40002 1542368575
40002 1542368576
40005 1542368577
40003 1542368578
40008 1542368579
40001 1542368580
40001 1542368581
40008 1542368582
40004 1542368583
40005 1542368584
40001 1542368585
40002 1542368586
40004 1542368587
40002 1542368588
40002 1542368589
40002 1542368590
40005 1542368591
40005 1542368592
40001 1542368593
40002 1542368594
40001 1542368595
40001 1542368596
40002 1542368597
40003 1542368598
40004 1542368599
40002 1542368600
40004 1542368601
40006 1542368602
40003 1542368603
40002 1542368604
40003 1542368605
40002 1542368606
40007 1542368607
40004 1542368608
40006 1542368609
40005 1542368610
1820 1542368611
40003 1542368611
5740 1542368612
40005 1542368612
40000 1542368613
40001 1542368614
40006 1542368615
40005 1542368616
40002 1542368617
40002 1542368618
40004 1542368619
40000 1542368620
40000 1542368621
40002 1542368622
40005 1542368623
40000 1542368624
40000 1542368625
40006 1542368626
40003 1542368627
40002 1542368628
40000 1542368629
40001 1542368630
40005 1542368631
40002 1542368632
40002 1542368633
40004 1542368634
40004 1542368635
40004 1542368636
40001 1542368637
40003 1542368638
40003 1542368639
40003 1542368640
40004 1542368641
40007 1542368642
40000 1542368643
40007 1542368644
40007 1542368645
40002 1542368646
40004 1542368647
40004 1542368648
40005 1542368649
40001 1542368650
40003 1542368651
40003 1542368652
40004 1542368653
40006 1542368654
40002 1542368655
40003 1542368656
2080 1542368657
40003 1542368657
40006 1542368658
40003 1542368659
40006 1542368660
40004 1542368661
40001 1542368662
40003 1542368663
40004 1542368664
40004 1542368665
40000 1542368666
40005 1542368667
40003 1542368668
40001 1542368669
40004 1542368670
40002 1542368671
40007 1542368672
40003 1542368673
40000 1542368674
40003 1542368675
40002 1542368676
40003 1542368677
40002 1542368678
40002 1542368679
40006 1542368680
40003 1542368681
40006 1542368682
40002 1542368683
40001 1542368684
40004 1542368685
40001 1542368686
40002 1542368687
40003 1542368688
40001 1542368689
40000 1542368690
40003 1542368691
40004 1542368692
40001 1542368693
40003 1542368694
40002 1542368695
40002 1542368696
40000 1542368697
40004 1542368698
40000 1542368699
40003 1542368700
40004 1542368701
40002 1542368702
40003 1542368703
40000 1542368704
40002 1542368705
40001 1542368706
40003 1542368707
40003 1542368708
40004 1542368709
40004 1542368710
40006 1542368711
40003 1542368712
40009 1542368713
40001 1542368714
40002 1542368715
6320 1542368716
40005 1542368716
40002 1542368717
40002 1542368718
40000 1542368719
40002 1542368720
40004 1542368721
40001 1542368722
40005 1542368723
40003 1542368724
40003 1542368725
40003 1542368726
40007 1542368727
40004 1542368728
40006 1542368729
40005 1542368730
40001 1542368731
40006 1542368732
40005 1542368733
40001 1542368734
40004 1542368735
40004 1542368736
40001 1542368737
40002 1542368738
40000 1542368739
40002 1542368740
40004 1542368741
40004 1542368742
40002 1542368743
40000 1542368744
40000 1542368745
40002 1542368746
40001 1542368747
40001 1542368748
40001 1542368749
40003 1542368750
40003 1542368751
40003 1542368752
40002 1542368753
40003 1542368754
40003 1542368755
40002 1542368756
40003 1542368757
40001 1542368758
40000 1542368759
40004 1542368761
40003 1542368762
40002 1542368763
40003 1542368764
40004 1542368765
40004 1542368766
40002 1542368767
40004 1542368768
40007 1542368769
40000 1542368770
40001 1542368771
40002 1542368772
40002 1542368773
40001 1542368774
40003 1542368775
40002 1542368776
40005 1542368777
40002 1542368778
40002 1542368779
40002 1542368780
40003 1542368781
40003 1542368782
40001 1542368783
40003 1542368784
40005 1542368785
40002 1542368786
40005 1542368787
40003 1542368788
40004 1542368789
40000 1542368790
40002 1542368791
40002 1542368792
40004 1542368793
400 1542368793
40004 1542368794
40002 1542368795
40007 1542368796
40004 1542368797
40002 1542368798
40002 1542368799
40003 1542368800
40005 1542368801
40002 1542368802
40001 1542368803
40004 1542368804
40001 1542368805
40005 1542368806
40001 1542368807
40003 1542368808
40007 1542368809
40003 1542368810
40004 1542368811
40005 1542368812
40005 1542368813
40005 1542368814
40004 1542368815
40003 1542368816
40003 1542368817
40002 1542368818
40003 1542368819
40003 1542368820
40004 1542368821
40006 1542368822
40006 1542368823
180 1542368823
40003 1542368824
40003 1542368825
40002 1542368826
40004 1542368827
40002 1542368828
40003 1542368829
40004 1542368830
40001 1542368831
40002 1542368832
40003 1542368833
40002 1542368834
40003 1542368835
40002 1542368836
40000 1542368837
40005 1542368838
40005 1542368839
40004 1542368840
40005 1542368841
40003 1542368842
40002 1542368843
40002 1542368844
40001 1542368845
40001 1542368846
40005 1542368847
40002 1542368848
40001 1542368849
40004 1542368850
40003 1542368851
40005 1542368852
40002 1542368853
40001 1542368854
40003 1542368855
40010 1542368856
40005 1542368857
40003 1542368858
40000 1542368859
40003 1542368860
40000 1542368861
40002 1542368862
40004 1542368863
40001 1542368864
40002 1542368865
40006 1542368866
40004 1542368867
40000 1542368868
40003 1542368869
40000 1542368870
40004 1542368871
40003 1542368872
40002 1542368873
40006 1542368874
40001 1542368875
40004 1542368876
40003 1542368877
40005 1542368878
40001 1542368879
40003 1542368880
40001 1542368881
40005 1542368882
40005 1542368883
40000 1542368884
40002 1542368885
40001 1542368886
40003 1542368887
40006 1542368888
40001 1542368889
40003 1542368890
40002 1542368891
40005 1542368892
40006 1542368893
40005 1542368894
40003 1542368895
40003 1542368896
40002 1542368897
40004 1542368898
40004 1542368899
40000 1542368900
40006 1542368901
40002 1542368902
40006 1542368903
40002 1542368904
40001 1542368905
40004 1542368906
40003 1542368907
40001 1542368908
40006 1542368909
40000 1542368910
40001 1542368911
40005 1542368912
40005 1542368913
40003 1542368914
40001 1542368915
40004 1542368916
40003 1542368917
40003 1542368918
40003 1542368919
40003 1542368920
40003 1542368921
40002 1542368922
40001 1542368923
40002 1542368924
40002 1542368925
40001 1542368926
40005 1542368927
40002 1542368928
40003 1542368929
40004 1542368930
40003 1542368931
40007 1542368932
40002 1542368933
40003 1542368934
40003 1542368935
40004 1542368936
40000 1542368937
40002 1542368938
40005 1542368939
40002 1542368940
40005 1542368941
40004 1542368942
40005 1542368943
40003 1542368944
40004 1542368945
40004 1542368946
40002 1542368947
40001 1542368948
40004 1542368949
40001 1542368950
40000 1542368951
40003 1542368952
40005 1542368953
40001 1542368954
40000 1542368955
40002 1542368956
40002 1542368957
40005 1542368958
40001 1542368959
40004 1542368960
40000 1542368961
40001 1542368962
40002 1542368963
40003 1542368964
40002 1542368965
40006 1542368966
40006 1542368967
40003 1542368968
40001 1542368969
40002 1542368970
40004 1542368971
40005 1542368972
40002 1542368973
40004 1542368974
40002 1542368975
40009 1542368976
40006 1542368977
40002 1542368978
40001 1542368979
40002 1542368980
40003 1542368981
40002 1542368982
40007 1542368983
40000 1542368984
40003 1542368985
40000 1542368986
40002 1542368987
40002 1542368988
40000 1542368989
40004 1542368990
40003 1542368991
40003 1542368992
40004 1542368993
40004 1542368994
40004 1542368995
40004 1542368996
40002 1542368997
40002 1542368998
40011 1542368999
40004 1542369000
40005 1542369001
40004 1542369002
40006 1542369003
40001 1542369004
40001 1542369005
40000 1542369006
40004 1542369007
40005 1542369008
40001 1542369009
40002 1542369010
40008 1542369011
40003 1542369012
40003 1542369013
40001 1542369014
40006 1542369015
40006 1542369016
40002 1542369018
40003 1542369019
40001 1542369020
40000 1542369021
40004 1542369022
40003 1542369023
40003 1542369024
40001 1542369025
40001 1542369026
40004 1542369027
40004 1542369028
40004 1542369029
40001 1542369030
40005 1542369031
40003 1542369032
40006 1542369033
40003 1542369034
40004 1542369035
40003 1542369036
40004 1542369037
40000 1542369038
40003 1542369039
40003 1542369040
40002 1542369041
40003 1542369042
40004 1542369043
40002 1542369044
40006 1542369045
40002 1542369046
40001 1542369047
40006 1542369048
40001 1542369049
40007 1542369050
40001 1542369051
40005 1542369052
40002 1542369053
40001 1542369054
40001 1542369055
40003 1542369056
40003 1542369057
40005 1542369058
40002 1542369059
40006 1542369060
40002 1542369061
40003 1542369062
40003 1542369063
40001 1542369064
40004 1542369065
40003 1542369066
40005 1542369067
40001 1542369068
40002 1542369069
40005 1542369070
40003 1542369071
40001 1542369072
40002 1542369073
40002 1542369074
40003 1542369075
40004 1542369076
40002 1542369077
40003 1542369078
40001 1542369079
40005 1542369080
40004 1542369081
40004 1542369082
40003 1542369083
40005 1542369084
40002 1542369085
40001 1542369086
40002 1542369087
40005 1542369088
40004 1542369089
40004 1542369090
40004 1542369091
40003 1542369092
40005 1542369093
40004 1542369094
40007 1542369095
40003 1542369096
40003 1542369097
40004 1542369098
40002 1542369099
40002 1542369100
40003 1542369101
40001 1542369102
40001 1542369103
40001 1542369104
40003 1542369105
40003 1542369106
40004 1542369107
40002 1542369108
40001 1542369109
40002 1542369110
40005 1542369111
40005 1542369112
40003 1542369113
40002 1542369114
40004 1542369115
40003 1542369116
40003 1542369117
40004 1542369118
40001 1542369119
40009 1542369120
40003 1542369121
40001 1542369122
40001 1542369123
40003 1542369124
40003 1542369125
40006 1542369126
40003 1542369127
40002 1542369128
40003 1542369129
40004 1542369130
40003 1542369131
40003 1542369132
40000 1542369133
40002 1542369134
40004 1542369135
40000 1542369136
40004 1542369137
40000 1542369138
40002 1542369139
40000 1542369140
40003 1542369141
40001 1542369142
40004 1542369143
40004 1542369144
40002 1542369145
40004 1542369146
40005 1542369147
40004 1542369148
40001 1542369149
40003 1542369150
40004 1542369151
40003 1542369152
40002 1542369153
40005 1542369154
40003 1542369155
40003 1542369156
40000 1542369157
40005 1542369158
40001 1542369159
40003 1542369160
40002 1542369161
40002 1542369162
40003 1542369163
40005 1542369164
40003 1542369165
40004 1542369166
40003 1542369167
40002 1542369168
40001 1542369169
40003 1542369170
40002 1542369171
40004 1542369172
40004 1542369173
40002 1542369174
40005 1542369175
40003 1542369176
40005 1542369177
40001 1542369178
40005 1542369179
40003 1542369180
40003 1542369181
40006 1542369182
40000 1542369183
40001 1542369184
40006 1542369185
40001 1542369186
40003 1542369187
40002 1542369188
40001 1542369189
40002 1542369190
40002 1542369191
40004 1542369192
40002 1542369193
40005 1542369194
40001 1542369195
40002 1542369196
40004 1542369197
40002 1542369198
40004 1542369199
40001 1542369200
40001 1542369201
40000 1542369202
40003 1542369203
40003 1542369204
40002 1542369205
40005 1542369206
40002 1542369207
40005 1542369208
40002 1542369209
40002 1542369210
40002 1542369211
40005 1542369212
40002 1542369213
40001 1542369214
40000 1542369215
40005 1542369216
40004 1542369217
40004 1542369218
40006 1542369219
40004 1542369220
40003 1542369221
40000 1542369222
40005 1542369223
40004 1542369224
40003 1542369225
40001 1542369226
40003 1542369227
40004 1542369228
40003 1542369229
40002 1542369230
40001 1542369231
40001 1542369232
40005 1542369233
40003 1542369234
40006 1542369235
40003 1542369236
40003 1542369237
40004 1542369238
40000 1542369239
40004 1542369240
40004 1542369241
40004 1542369242
40003 1542369243
40005 1542369244
40006 1542369245
40003 1542369246
40001 1542369247
40003 1542369248
40004 1542369249
40001 1542369250
40004 1542369251
40004 1542369252
40002 1542369253
40003 1542369254
40001 1542369255
40005 1542369256
40002 1542369257
40002 1542369258
40003 1542369259
40001 1542369260
40007 1542369261
40001 1542369262
40002 1542369263
40003 1542369264
40007 1542369265
40003 1542369266
40004 1542369267
40004 1542369268
40005 1542369269
40004 1542369270
40003 1542369271
40004 1542369272
40001 1542369273
40001 1542369274
40003 1542369275
40004 1542369276
40002 1542369277
40001 1542369278
880 1542369278
40003 1542369279
40004 1542369280
40002 1542369281
40000 1542369282
40005 1542369283
40002 1542369284
40000 1542369285
40002 1542369286
40002 1542369287
40001 1542369288
40003 1542369289
40001 1542369290
40000 1542369291
40003 1542369292
40002 1542369293
40002 1542369294
40002 1542369295
40002 1542369296
40006 1542369297
40003 1542369298
40003 1542369299
40006 1542369300
40003 1542369301
40005 1542369302
40003 1542369303
40005 1542369304
40004 1542369305
40002 1542369306
40004 1542369307
40003 1542369308
40003 1542369309
40003 1542369310
40001 1542369311
40001 1542369312
40001 1542369313
40002 1542369314
40003 1542369315
40004 1542369316
40002 1542369317
40005 1542369318
40004 1542369319
40002 1542369320
40000 1542369321
40003 1542369322
40002 1542369323
40003 1542369324
40002 1542369325
1680 1542369325
40003 1542369326
40002 1542369327
40003 1542369328
40004 1542369329
40004 1542369330
40001 1542369331
40005 1542369332
40003 1542369333
40004 1542369334
40002 1542369335
40001 1542369336
40005 1542369337
40001 1542369338
40000 1542369339
40002 1542369340
40006 1542369341
40002 1542369342
40001 1542369344
40006 1542369345
40003 1542369346
40004 1542369347
40003 1542369348
40003 1542369349
40006 1542369350
40003 1542369351
40008 1542369352
40006 1542369353
40003 1542369354
40005 1542369355
40005 1542369356
40001 1542369357
40004 1542369358
40001 1542369359
40002 1542369360
40001 1542369361
40002 1542369362
40007 1542369363
40004 1542369364
40001 1542369365
40001 1542369366
40003 1542369367
40004 1542369368
40002 1542369369
40006 1542369370
40003 1542369371
40001 1542369372
40001 1542369373
40006 1542369374
40000 1542369375
40002 1542369376
40002 1542369377
40004 1542369378
40001 1542369379
40002 1542369380
40003 1542369381
40004 1542369382
40005 1542369383
40002 1542369384
40005 1542369385
40007 1542369386
40002 1542369387
40003 1542369388
40001 1542369389
40003 1542369390
40004 1542369391
40004 1542369392
40004 1542369393
40003 1542369394
40001 1542369395
40003 1542369396
40003 1542369397
40004 1542369398
40001 1542369399
40005 1542369400
40003 1542369401
40003 1542369402
40002 1542369403
40002 1542369404
40001 1542369405
40004 1542369406
40005 1542369407
40004 1542369408
40002 1542369409
40003 1542369410
40004 1542369411
40001 1542369412
40003 1542369413
40002 1542369414
40005 1542369415
40005 1542369416
40006 1542369417
40002 1542369418
40004 1542369419
40007 1542369420
40001 1542369421
40001 1542369422
40006 1542369423
40000 1542369424
40004 1542369425
40007 1542369426
40000 1542369427
40004 1542369428
40003 1542369429
40003 1542369430
40002 1542369431
40005 1542369432
40003 1542369433
40001 1542369434
40002 1542369435
40001 1542369436
40002 1542369437
40007 1542369438
40001 1542369439
40003 1542369440
40005 1542369441
40004 1542369442
40002 1542369443
40003 1542369444
40002 1542369445
40004 1542369446
40004 1542369447
40004 1542369448
40002 1542369449
40004 1542369450
40004 1542369451
40003 1542369452
40001 1542369453
40005 1542369454
40007 1542369455
40002 1542369456
40000 1542369457
40004 1542369458
40003 1542369459
40004 1542369460
40004 1542369461
40001 1542369462
40000 1542369463
40005 1542369464
40004 1542369465
40005 1542369466
40001 1542369467
40002 1542369468
40008 1542369469
40004 1542369470
40003 1542369471
40000 1542369472
40003 1542369473
40004 1542369474
40005 1542369475
40004 1542369476
40004 1542369477
40001 1542369478
40001 1542369479
40003 1542369480
40002 1542369481
40001 1542369482
40001 1542369483
40002 1542369484
40006 1542369485
40003 1542369486
40001 1542369487
40003 1542369488
40004 1542369489
40006 1542369490
40001 1542369491
40003 1542369492
40001 1542369493
40003 1542369494
40003 1542369495
40007 1542369496
40001 1542369497
40006 1542369498
40002 1542369499
40003 1542369500
40005 1542369501
40002 1542369502
40006 1542369503
40003 1542369504
40004 1542369505
40003 1542369506
40004 1542369507
40004 1542369508
40004 1542369509
40001 1542369510
40004 1542369511
40004 1542369512
40005 1542369513
40002 1542369514
40005 1542369515
40001 1542369516
40003 1542369517
3560 1542369517
40004 1542369518
40003 1542369519
40003 1542369520
40002 1542369521
40006 1542369522
40003 1542369523
40006 1542369524
40005 1542369525
40003 1542369526
40002 1542369527
40003 1542369528
40005 1542369529
40002 1542369530
40003 1542369531
40001 1542369532
40002 1542369533
40002 1542369534
40008 1542369535
40002 1542369536
40001 1542369537
40006 1542369538
40002 1542369539
40002 1542369540
40000 1542369541
40003 1542369542
40003 1542369543
40002 1542369544
40002 1542369545
40003 1542369546
40000 1542369547
40003 1542369548
40005 1542369549
40005 1542369550
40003 1542369551
40003 1542369552
40002 1542369553
40001 1542369554
40007 1542369555
40005 1542369556
40008 1542369557
40004 1542369558
40004 1542369559
40003 1542369560
40004 1542369561
40002 1542369562
40001 1542369563
40003 1542369564
40002 1542369565
40002 1542369566
40004 1542369567
40002 1542369568
40002 1542369569
40003 1542369570
40001 1542369571
40004 1542369572
40001 1542369573
40002 1542369574
40005 1542369575
40002 1542369576
40002 1542369577
40002 1542369578
40005 1542369579
40006 1542369580
40003 1542369581
40003 1542369582
40003 1542369583
40006 1542369584
40002 1542369585
40004 1542369586
40001 1542369587
40001 1542369588
40004 1542369589
40003 1542369590
40002 1542369591
40005 1542369592
40000 1542369593
40002 1542369594
40002 1542369595
40003 1542369596
40006 1542369597
40000 1542369598
40000 1542369599
40001 1542369600
40004 1542369601
40004 1542369602
40003 1542369603
40005 1542369604
40002 1542369605
40000 1542369606
40002 1542369607
40006 1542369608
40004 1542369609
40003 1542369610
40002 1542369611
40003 1542369612
40003 1542369613
40003 1542369614
40002 1542369615
40002 1542369616
40002 1542369617
40002 1542369618
40002 1542369619
40006 1542369620
40002 1542369621
40001 1542369622
40003 1542369623
40001 1542369624
40004 1542369625
40004 1542369626
40001 1542369627
40004 1542369628
40002 1542369629
40002 1542369630
40002 1542369631
40003 1542369632
40003 1542369633
40003 1542369634
40001 1542369635
40003 1542369636
40004 1542369637
40001 1542369638
40004 1542369639
40001 1542369640
40004 1542369641
40003 1542369642
40004 1542369643
40002 1542369644
40004 1542369645
40001 1542369646
40002 1542369647
40002 1542369648
40000 1542373610
40000 1542373611
40000 1542373612
40000 1542373613
40000 1542373614
40000 1542373615
40000 1542373616
40000 1542373617
40000 1542373618
40000 1542373619
40000 1542373620
40000 1542373621
40000 1542373622
40000 1542373623
40000 1542373624
40000 1542373625
40000 1542373626
40000 1542373627
40000 1542373628
40000 1542373629
40000 1542373630
40000 1542373631
40000 1542373632
40000 1542373633
40000 1542373634
40000 1542373635
40000 1542373636
40000 1542373637
40000 1542373638
40000 1542373639
40000 1542373640
40000 1542373641
40000 1542373642
40000 1542373643
40000 1542373644
40000 1542373645
40000 1542373646
40000 1542373647
40000 1542373648
40000 1542373649
40000 1542373650
40000 1542373651
40000 1542373652
40000 1542373653
40000 1542373654
40000 1542373655
40000 1542373656
40000 1542373657
40000 1542373658
40000 1542373659
40000 1542373660
40000 1542373661
40000 1542373662
40000 1542373663
40000 1542373664
40000 1542373665
40000 1542373666
40000 1542373667
40000 1542373668
40000 1542373669
40000 1542373670
40000 1542373671
40000 1542373672
40000 1542373673
40000 1542373674
40000 1542373675
40000 1542373676
40000 1542373677
40000 1542373678
40000 1542373679
40000 1542373680
40000 1542373681
40000 1542373682
40000 1542373683
40000 1542373684
40000 1542373685
40000 1542373686
40000 1542373687
40000 1542373688
40000 1542373689
40000 1542373690
40000 1542373691
40000 1542373692
40000 1542373693
40000 1542373694
40000 1542373695
40000 1542373696
40000 1542373697
40000 1542373698
40000 1542373699
40000 1542373700
40000 1542373701
40000 1542373702
40000 1542373703
40000 1542373704
40000 1542373705
40000 1542373706
40000 1542373707
40000 1542373708
40000 1542373709
40000 1542373710
40000 1542373712
40000 1542373713
40000 1542373714
40000 1542373715
40000 1542373716
40000 1542373717
40000 1542373718
40000 1542373719
40000 1542373720
40000 1542373721
40000 1542373722
40000 1542373723
40000 1542373724
40000 1542373725
40000 1542373726
40000 1542373727
40000 1542373728
40000 1542373729
40000 1542373730
40000 1542373731
40000 1542373732
40000 1542373733
40000 1542373734
40000 1542373735
40000 1542373736
40000 1542373737
40000 1542373738
40000 1542373739
40000 1542373740
40000 1542373741
40000 1542373742
40000 1542373743
40000 1542373744
40000 1542373745
40000 1542373746
40000 1542373747
40000 1542373748
40000 1542373749
40000 1542373750
40000 1542373751
40000 1542373752
40000 1542373753
40000 1542373754
40000 1542373755
40000 1542373756
40000 1542373757
40000 1542373758
40000 1542373759
40000 1542373760
40000 1542373761
40000 1542373762
40000 1542373763
40000 1542373764
40000 1542373765
40000 1542373766
40000 1542373767
40000 1542373768
40000 1542373769
40000 1542373770
40000 1542373771
40000 1542373772
40000 1542373773
40000 1542373774
40000 1542373775
40000 1542373776
40000 1542373777
40000 1542373778
40000 1542373779
40000 1542373780
40000 1542373781
40000 1542373782
40000 1542373783
40000 1542373784
40000 1542373785
40000 1542373786
40000 1542373787
40000 1542373788
40000 1542373789
40000 1542373790
40000 1542373791
40000 1542373792
40000 1542373793
40000 1542373794
40000 1542373795
40000 1542373796
40000 1542373797
40000 1542373798
40000 1542373799
40000 1542373800
40000 1542373801
40000 1542373802
40000 1542373803
40000 1542373804
40000 1542373805
40000 1542373806
40000 1542373807
40000 1542373808
40000 1542373809
40000 1542373810
40000 1542373811
40000 1542373812
40000 1542373813
40000 1542373814
40000 1542373815
40000 1542373816
40000 1542373817
40000 1542373818
40000 1542373819
40000 1542373820
40000 1542373821
40000 1542373822
40000 1542373823
40000 1542373824
40000 1542373825
40000 1542373826
40000 1542373827
40000 1542373828
40000 1542373829
40000 1542373830
40000 1542373831
40000 1542373832
40000 1542373833
40000 1542373834
40000 1542373835
40000 1542373836
40000 1542373837
40000 1542373838
40000 1542373839
40000 1542373840
40000 1542373841
40000 1542373842
40000 1542373843
40000 1542373844
40000 1542373845
40000 1542373846
40000 1542373847
40000 1542373848
40000 1542373849
40000 1542373850
40000 1542373851
40000 1542373852
40000 1542373853
40000 1542373854
40000 1542373855
40000 1542373856
40000 1542373857
40000 1542373858
40000 1542373859
40000 1542373860
40000 1542373861
40000 1542373862
40000 1542373863
40000 1542373864
40000 1542373865
40000 1542373866
40000 1542373867
40000 1542373868
40000 1542373869
40000 1542373870
40000 1542373871
40000 1542373872
40000 1542373873
40000 1542373874
40000 1542373875
40000 1542373876
40000 1542373877
40000 1542373878
40000 1542373879
40000 1542373880
40000 1542373881
40000 1542373882
40000 1542373883
40000 1542373884
40000 1542373885
40000 1542373886
40000 1542373887
40000 1542373888
40000 1542373889
40000 1542373890
40000 1542373891
40000 1542373892
40000 1542373893
40000 1542373894
40000 1542373895
40000 1542373896
40000 1542373897
40000 1542373898
40000 1542373899
40000 1542373900
40000 1542373901
40000 1542373902
40000 1542373903
40000 1542373904
40000 1542373905
40000 1542373906
40000 1542373907
40000 1542373908
40000 1542373909
40000 1542373910
40000 1542373911
40000 1542373912
40000 1542373913
40000 1542373914
40000 1542373915
40000 1542373916
40000 1542373917
40000 1542373918
40000 1542373919
40000 1542373920
40000 1542373921
40000 1542373922
40000 1542373923
40000 1542373924
40000 1542373925
40000 1542373926
40000 1542373927
40000 1542373928
40000 1542373929
40000 1542373930
40000 1542373931
40000 1542373932
40000 1542373933
40000 1542373934
40000 1542373935
40000 1542373936
40000 1542373937
40000 1542373938
40000 1542373939
40000 1542373940
40000 1542373941
40000 1542373942
40000 1542373944
40000 1542373945
40000 1542373946
40000 1542373947
40000 1542373948
40000 1542373949
40000 1542373950
40000 1542373951
40000 1542373952
40000 1542373953
40000 1542373954
40000 1542373955
40000 1542373956
40000 1542373957
40000 1542373958
40000 1542373959
40000 1542373960
40000 1542373961
40000 1542373962
40000 1542373963
40000 1542373964
40000 1542373965
40000 1542373966
40000 1542373967
40000 1542373968
40000 1542373969
40000 1542373970
40000 1542373971
40000 1542373972
40000 1542373973
40000 1542373974
40000 1542373975
40000 1542373976
40000 1542373977
40000 1542373978
40000 1542373979
40000 1542373980
40000 1542373981
40000 1542373982
40000 1542373983
40000 1542373984
40000 1542373985
40000 1542373986
40000 1542373987
40000 1542373988
40000 1542373989
40000 1542373990
40000 1542373991
40000 1542373992
40000 1542373993
40000 1542373994
40000 1542373995
40000 1542373996
40000 1542373997
40000 1542373998
40000 1542373999
40000 1542374000
40000 1542374001
40000 1542374002
40000 1542374003
40000 1542374004
40000 1542374005
40000 1542374006
40000 1542374007
40000 1542374008
40000 1542374009
40000 1542374010
40000 1542374011
40000 1542374012
40000 1542374013
40000 1542374014
40000 1542374015
40000 1542374016
40000 1542374017
40000 1542374018
40000 1542374019
40000 1542374020
40000 1542374021
40000 1542374022
40000 1542374023
40000 1542374024
40000 1542374025
40000 1542374026
40000 1542374027
40000 1542374028
40000 1542374029
40000 1542374030
40000 1542374031
40000 1542374032
40000 1542374033
40000 1542374034
40000 1542374035
40000 1542374036
40000 1542374037
40000 1542374038
40000 1542374039
40000 1542374040
40000 1542374041
40000 1542374042
40000 1542374043
40000 1542374044
40000 1542374045
40000 1542374046
40000 1542374047
40000 1542374048
40000 1542374049
40000 1542374050
40000 1542374051
40000 1542374052
40000 1542374053
40000 1542374054
40000 1542374055
40000 1542374056
40000 1542374057
40000 1542374058
40000 1542374059
40000 1542374060
40000 1542374061
40000 1542374062
40000 1542374063
40000 1542374064
40000 1542374065
40000 1542374066
40000 1542374067
40000 1542374068
40000 1542374069
40000 1542374070
40000 1542374071
40000 1542374072
40000 1542374073
40000 1542374074
40000 1542374075
40000 1542374076
40000 1542374077
40000 1542374078
40000 1542374079
40000 1542374080
40000 1542374081
40000 1542374082
40000 1542374083
40000 1542374084
40000 1542374085
40000 1542374086
40000 1542374087
40000 1542374088
40000 1542374089
40000 1542374090
40000 1542374091
40000 1542374092
40000 1542374093
40000 1542374094
40000 1542374095
40000 1542374096
40000 1542374097
40000 1542374098
40000 1542374099
40000 1542374100
40000 1542374101
40000 1542374102
40000 1542374103
40000 1542374104
40000 1542374105
40000 1542374106
40000 1542374107
40000 1542374108
40000 1542374109
40000 1542374110
40000 1542374111
40000 1542374112
40000 1542374113
40000 1542374114
40000 1542374115
40000 1542374116
40000 1542374117
40000 1542374118
40000 1542374119
40000 1542374120
40000 1542374121
40000 1542374122
40000 1542374123
40000 1542374124
40000 1542374125
40000 1542374126
40000 1542374127
40000 1542374128
40000 1542374129
40000 1542374130
40000 1542374131
40000 1542374132
40000 1542374133
40000 1542374134
40000 1542374135
40000 1542374136
40000 1542374137
40000 1542374138
40000 1542374139
40000 1542374140
40000 1542374141
40000 1542374142
40000 1542374143
40000 1542374144
40000 1542374145
40000 1542374146
40000 1542374147
40000 1542374148
40000 1542374149
40000 1542374150
40000 1542374151
40000 1542374152
40000 1542374153
40000 1542374154
40000 1542374155
40000 1542374156
40000 1542374157
40000 1542374158
40000 1542374159
40000 1542374160
40000 1542374161
40000 1542374162
40000 1542374163
40000 1542374164
40000 1542374165
40000 1542374167
40000 1542374168
40000 1542374169
40000 1542374170
40000 1542374171
40000 1542374172
40000 1542374173
40000 1542374174
40000 1542374175
40000 1542374176
40000 1542374177
40000 1542374178
40000 1542374179
40000 1542374180
40000 1542374181
40000 1542374182
40000 1542374183
40000 1542374184
40000 1542374185
40000 1542374186
40000 1542374187
40000 1542374188
40000 1542374189
40000 1542374190
40000 1542374191
40000 1542374192
40000 1542374193
40000 1542374194
40000 1542374195
40000 1542374196
40000 1542374197
40000 1542374198
40000 1542374199
40000 1542374200
40000 1542374201
40000 1542374202
40000 1542374203
40000 1542374204
40000 1542374205
40000 1542374206
40000 1542374207
40000 1542374208
40000 1542374209
40000 1542374210
40000 1542374211
40000 1542374212
40000 1542374213
40000 1542374214
40000 1542374215
40000 1542374216
40000 1542374217
40000 1542374218
40000 1542374219
40000 1542374220
40000 1542374221
40000 1542374222
40000 1542374223
40000 1542374224
40000 1542374225
40000 1542374226
40000 1542374227
40000 1542374228
40000 1542374229
40000 1542374230
40000 1542374231
40000 1542374232
40000 1542374233
40000 1542374234
40000 1542374235
40000 1542374236
40000 1542374237
40000 1542374238
40000 1542374239
40000 1542374240
40000 1542374241
40000 1542374242
40000 1542374243
40000 1542374244
40000 1542374245
40000 1542374246
40000 1542374247
40000 1542374248
40000 1542374249
40000 1542374250
40000 1542374251
40000 1542374252
40000 1542374253
40000 1542374254
40000 1542374255
40000 1542374256
40000 1542374257
40000 1542374258
40000 1542374259
40000 1542374260
40000 1542374261
40000 1542374262
40000 1542374263
40000 1542374264
40000 1542374265
40000 1542374266
40000 1542374267
40000 1542374268
40000 1542374269
40000 1542374270
40000 1542374271
40000 1542374272
40000 1542374273
40000 1542374274
40000 1542374275
40000 1542374276
40000 1542374277
40000 1542374278
40000 1542374279
40000 1542374280
40000 1542374281
40000 1542374282
40000 1542374283
40000 1542374284
40000 1542374285
40000 1542374286
40000 1542374287
40000 1542374288
40000 1542374289
40000 1542374290
40000 1542374291
40000 1542374292
40000 1542374293
40000 1542374294
40000 1542374295
40000 1542374296
40000 1542374297
40000 1542374298
40000 1542374299
40000 1542374300
40000 1542374301
40000 1542374302
40000 1542374303
40000 1542374304
40000 1542374305
40000 1542374306
40000 1542374307
40000 1542374308
40000 1542374309
40000 1542374310
40000 1542374311
40000 1542374312
40000 1542374313
40000 1542374314
40000 1542374315
40000 1542374316
40000 1542374317
40000 1542374318
40000 1542374319
40000 1542374320
40000 1542374321
40000 1542374322
40000 1542374323
40000 1542374324
40000 1542374325
40000 1542374326
40000 1542374327
40000 1542374328
40000 1542374329
40000 1542374330
40000 1542374331
40000 1542374332
40000 1542374333
40000 1542374334
40000 1542374335
40000 1542374336
40000 1542374337
40000 1542374338
40000 1542374339
40000 1542374340
40000 1542374341
40000 1542374342
40000 1542374343
40000 1542374344
40000 1542374345
40000 1542374346
40000 1542374347
40000 1542374348
40000 1542374349
40000 1542374350
40000 1542374351
40000 1542374352
40000 1542374353
40000 1542374354
40000 1542374355
40000 1542374356
40000 1542374357
40000 1542374358
40000 1542374359
40000 1542374360
40000 1542374361
40000 1542374362
40000 1542374363
40000 1542374364
40000 1542374365
40000 1542374366
40000 1542374367
40000 1542374368
40000 1542374369
40000 1542374370
40000 1542374371
40000 1542374372
40000 1542374373
40000 1542374374
40000 1542374375
40000 1542374376
40000 1542374377
40000 1542374378
40000 1542374379
40000 1542374380
40000 1542374381
40000 1542374382
40000 1542374383
40000 1542374384
40000 1542374385
40000 1542374386
40000 1542374387
40000 1542374388
40000 1542374389
40000 1542374390
40000 1542374391
40000 1542374392
40000 1542374393
40000 1542374394
40000 1542374395
40000 1542374396
40000 1542374398
40000 1542374399
40000 1542374400
40000 1542374401
40000 1542374402
40000 1542374403
40000 1542374404
40000 1542374405
40000 1542374406
40000 1542374407
40000 1542374408
40000 1542374409
40000 1542374410
40000 1542374411
40000 1542374412
40000 1542374413
40000 1542374414
40000 1542374415
40000 1542374416
40000 1542374417
40000 1542374418
40000 1542374419
40000 1542374420
40000 1542374421
40000 1542374422
40000 1542374423
40000 1542374424
40000 1542374425
40000 1542374426
40000 1542374427
40000 1542374428
40000 1542374429
40000 1542374430
40000 1542374431
40000 1542374432
40000 1542374433
40000 1542374434
40000 1542374435
40000 1542374436
40000 1542374437
40000 1542374438
40000 1542374439
40000 1542374440
40000 1542374441
40000 1542374442
40000 1542374443
40000 1542374444
40000 1542374445
40000 1542374446
40000 1542374447
40000 1542374448
40000 1542374449
40000 1542374450
40000 1542374451
40000 1542374452
40000 1542374453
40000 1542374454
40000 1542374455
40000 1542374456
40000 1542374457
40000 1542374458
40000 1542374459
40000 1542374460
40000 1542374461
40000 1542374462
40000 1542374463
40000 1542374464
40000 1542374465
40000 1542374466
40000 1542374467
40000 1542374468
40000 1542374469
40000 1542374470
40000 1542374471
40000 1542374472
40000 1542374473
40000 1542374474
40000 1542374475
40000 1542374476
40000 1542374477
40000 1542374478
40000 1542374479
40000 1542374480
40000 1542374481
40000 1542374482
40000 1542374483
40000 1542374484
40000 1542374485
40000 1542374486
40000 1542374487
40000 1542374488
40000 1542374489
40000 1542374490
40000 1542374491
40000 1542374492
40000 1542374493
40000 1542374494
40000 1542374495
40000 1542374496
40000 1542374497
40000 1542374498
40000 1542374499
40000 1542374500
40000 1542374501
40000 1542374502
40000 1542374503
40000 1542374504
40000 1542374505
40000 1542374506
40000 1542374507
40000 1542374508
40000 1542374509
40000 1542374510
40000 1542374511
40000 1542374512
40000 1542374513
40000 1542374514
40000 1542374515
40000 1542374516
40000 1542374517
40000 1542374518
40000 1542374519
40000 1542374520
40000 1542374521
40000 1542374522
40000 1542374523
40000 1542374524
40000 1542374525
40000 1542374526
40000 1542374527
40000 1542374528
40000 1542374529
40000 1542374530
40000 1542374531
40000 1542374532
40000 1542374533
40000 1542374534
40000 1542374535
40000 1542374536
40000 1542374537
40000 1542374538
40000 1542374539
40000 1542374540
40000 1542374541
40000 1542374542
40000 1542374543
40000 1542374544
40000 1542374545
40000 1542374546
40000 1542374547
40000 1542374548
40000 1542374549
40000 1542374550
40000 1542374551
40000 1542374552
40000 1542374553
40000 1542374554
40000 1542374555
40000 1542374556
40000 1542374557
40000 1542374558
40000 1542374559
40000 1542374560
40000 1542374561
40000 1542374562
40000 1542374563
40000 1542374564
40000 1542374565
40000 1542374566
40000 1542374567
40000 1542374568
40000 1542374569
40000 1542374570
40000 1542374571
40000 1542374572
40000 1542374573
40000 1542374574
40000 1542374575
40000 1542374576
40000 1542374577
40000 1542374578
40000 1542374579
40000 1542374580
40000 1542374581
40000 1542374582
40000 1542374583
40000 1542374584
40000 1542374585
40000 1542374586
40000 1542374587
40000 1542374588
40000 1542374589
40000 1542374590
40000 1542374591
40000 1542374592
40000 1542374593
40000 1542374594
40000 1542374595
40000 1542374596
40000 1542374597
40000 1542374598
40000 1542374599
40000 1542374600
40000 1542374601
40000 1542374602
40000 1542374603
40000 1542374604
40000 1542374605
40000 1542374606
40000 1542374607
40000 1542374608
40000 1542374609
40000 1542374610
40000 1542374611
40000 1542374612
40000 1542374613
40000 1542374614
40000 1542374615
40000 1542374616
40000 1542374617
40000 1542374619
40000 1542374620
40000 1542374621
40000 1542374622
40000 1542374623
40000 1542374624
40000 1542374625
40000 1542374626
40000 1542374627
40000 1542374628
40000 1542374629
40000 1542374630
40000 1542374631
40000 1542374632
40000 1542374633
40000 1542374634
40000 1542374635
40000 1542374636
40000 1542374637
40000 1542374638
40000 1542374639
40000 1542374640
40000 1542374641
40000 1542374642
40000 1542374643
40000 1542374644
40000 1542374645
40000 1542374646
40000 1542374647
40000 1542374648
40000 1542374649
40000 1542374650
40000 1542374651
40000 1542374652
40000 1542374653
40000 1542374654
40000 1542374655
40000 1542374656
40000 1542374657
40000 1542374658
40000 1542374659
40000 1542374660
40000 1542374661
40000 1542374662
40000 1542374663
40000 1542374664
40000 1542374665
40000 1542374666
40000 1542374667
40000 1542374668
40000 1542374669
40000 1542374670
40000 1542374671
40000 1542374672
40000 1542374673
40000 1542374674
40000 1542374675
40000 1542374676
40000 1542374677
40000 1542374678
40000 1542374679
40000 1542374680
40000 1542374681
40000 1542374682
40000 1542374683
40000 1542374684
40000 1542374685
40000 1542374686
40000 1542374687
40000 1542374688
40000 1542374689
40000 1542374690
40000 1542374691
40000 1542374692
40000 1542374693
40000 1542374694
40000 1542374695
40000 1542374696
40000 1542374697
40000 1542374698
40000 1542374699
40000 1542374700
40000 1542374701
40000 1542374702
40000 1542374703
40000 1542374704
40000 1542374705
40000 1542374706
40000 1542374707
40000 1542374708
40000 1542374709
40000 1542374710
40000 1542374711
40000 1542374712
40000 1542374713
40000 1542374714
40000 1542374715
40000 1542374716
40000 1542374717
40000 1542374718
40000 1542374719
40000 1542374720
40000 1542374721
40000 1542374722
40000 1542374723
40000 1542374724
40000 1542374725
40000 1542374726
40000 1542374727
40000 1542374728
40000 1542374729
40000 1542374730
40000 1542374731
40000 1542374732
40000 1542374733
40000 1542374734
40000 1542374735
40000 1542374736
40000 1542374737
40000 1542374738
40000 1542374739
40000 1542374740
40000 1542374741
40000 1542374742
40000 1542374743
40000 1542374744
40000 1542374745
40000 1542374746
40000 1542374747
40000 1542374748
40000 1542374749
40000 1542374750
40000 1542374751
40000 1542374752
40000 1542374753
40000 1542374754
40000 1542374755
40000 1542374756
40000 1542374757
40000 1542374758
40000 1542374759
40000 1542374760
40000 1542374761
40000 1542374762
40000 1542374763
40000 1542374764
40000 1542374765
40000 1542374766
40000 1542374767
40000 1542374768
40000 1542374769
40000 1542374770
40000 1542374771
40000 1542374772
40000 1542374773
40000 1542374774
40000 1542374775
40000 1542374776
40000 1542374777
40000 1542374778
40000 1542374779
40000 1542374780
40000 1542374781
40000 1542374782
40000 1542374783
40000 1542374784
40000 1542374785
40000 1542374786
40000 1542374787
40000 1542374788
40000 1542374789
40000 1542374790
40000 1542374791
40000 1542374792
40000 1542374793
40000 1542374794
40000 1542374795
40000 1542374796
40000 1542374797
40000 1542374798
40000 1542374799
40000 1542374800
40000 1542374801
40000 1542374802
40000 1542374803
40000 1542374804
40000 1542374805
40000 1542374806
40000 1542374807
40000 1542374808
40000 1542374809
40000 1542374810
40000 1542374811
40000 1542374812
40000 1542374813
40000 1542374814
40000 1542374815
40000 1542374816
40000 1542374817
40000 1542374818
40000 1542374819
40000 1542374820
40000 1542374821
40000 1542374822
40000 1542374823
40000 1542374824
40000 1542374825
40000 1542374826
40000 1542374827
40000 1542374828
40000 1542374829
40000 1542374830
40000 1542374831
40000 1542374832
40000 1542374833
40000 1542374834
40000 1542374835
40000 1542374836
40000 1542374837
40000 1542374838
40000 1542374839
40000 1542374840
40000 1542374841
40000 1542374842
40000 1542374843
40000 1542374844
40000 1542374845
40000 1542374846
40000 1542374847
40000 1542374848
40000 1542374849
40000 1542374850
40000 1542374851
40000 1542374853
40000 1542374854
40000 1542374855
40000 1542374856
40000 1542374857
40000 1542374858
40000 1542374859
40000 1542374860
40000 1542374861
40000 1542374862
40000 1542374863
40000 1542374864
40000 1542374865
40000 1542374866
40000 1542374867
40000 1542374868
40000 1542374869
40000 1542374870
40000 1542374871
40000 1542374872
40000 1542374873
40000 1542374874
40000 1542374875
40000 1542374876
40000 1542374877
40000 1542374878
40000 1542374879
40000 1542374880
40000 1542374881
40000 1542374882
40000 1542374883
40000 1542374884
40000 1542374885
40000 1542374886
40000 1542374887
40000 1542374888
40000 1542374889
40000 1542374890
40000 1542374891
40000 1542374892
40000 1542374893
40000 1542374894
40000 1542374895
40000 1542374896
40000 1542374897
40000 1542374898
40000 1542374899
40000 1542374900
40000 1542374901
40000 1542374902
40000 1542374903
40000 1542374904
40000 1542374905
40000 1542374906
40000 1542374907
40000 1542374908
40000 1542374909
40000 1542374910
40000 1542374911
40000 1542374912
40000 1542374913
40000 1542374914
40000 1542374915
40000 1542374916
40000 1542374917
40000 1542374918
40000 1542374919
40000 1542374920
40000 1542374921
40000 1542374922
40000 1542374923
40000 1542374924
40000 1542374925
40000 1542374926
40000 1542374927
40000 1542374928
40000 1542374929
40000 1542374930
40000 1542374931
40000 1542374932
40000 1542374933
40000 1542374934
40000 1542374935
40000 1542374936
40000 1542374937
40000 1542374938
40000 1542374939
40000 1542374940
40000 1542374941
40000 1542374942
40000 1542374943
40000 1542374944
40000 1542374945
40000 1542374946
40000 1542374947
40000 1542374948
40000 1542374949
40000 1542374950
40000 1542374951
40000 1542374952
40000 1542374953
40000 1542374954
40000 1542374955
40000 1542374956
40000 1542374957
40000 1542374958
40000 1542374959
40000 1542374960
40000 1542374961
40000 1542374962
40000 1542374963
40000 1542374964
40000 1542374965
40000 1542374966
40000 1542374967
40000 1542374968
40000 1542374969
40000 1542374970
40000 1542374971
40000 1542374972
40000 1542374973
40000 1542374974
40000 1542374975
40000 1542374976
40000 1542374977
40000 1542374978
40000 1542374979
40000 1542374980
40000 1542374981
40000 1542374982
40000 1542374983
40000 1542374984
40000 1542374985
40000 1542374986
40000 1542374987
40000 1542374988
40000 1542374989
40000 1542374990
40000 1542374991
40000 1542374992
40000 1542374993
40000 1542374994
40000 1542374995
40000 1542374996
40000 1542374997
40000 1542374998
40000 1542374999
40000 1542375000
40000 1542375001
40000 1542375002
40000 1542375003
40000 1542375004
40000 1542375005
40000 1542375006
40000 1542375007
40000 1542375008
40000 1542375009
40000 1542375010
40000 1542375011
40000 1542375012
40000 1542375013
40000 1542375014
40000 1542375015
40000 1542375016
40000 1542375017
40000 1542375018
40000 1542375019
40000 1542375020
40000 1542375021
40000 1542375022
40000 1542375023
40000 1542375024
40000 1542375025
40000 1542375026
40000 1542375027
40000 1542375028
40000 1542375029
40000 1542375030
40000 1542375031
40000 1542375032
40000 1542375033
40000 1542375034
40000 1542375035
40000 1542375036
40000 1542375037
40000 1542375038
40000 1542375039
40000 1542375040
40000 1542375041
40000 1542375042
40000 1542375043
40000 1542375044
40000 1542375045
40000 1542375046
40000 1542375047
40000 1542375048
40000 1542375049
40000 1542375050
40000 1542375051
40000 1542375052
40000 1542375053
40000 1542375054
40000 1542375055
40000 1542375056
40000 1542375057
40000 1542375058
40000 1542375060
40000 1542375061
40000 1542375062
40000 1542375063
40000 1542375064
40000 1542375065
40000 1542375066
40000 1542375067
40000 1542375068
40000 1542375069
40000 1542375070
40000 1542375071
40000 1542375072
40000 1542375073
40000 1542375074
40000 1542375075
40000 1542375076
40000 1542375077
40000 1542375078
40000 1542375079
40000 1542375080
40000 1542375081
40000 1542375082
40000 1542375083
40000 1542375084
40000 1542375085
40000 1542375086
40000 1542375087
40000 1542375088
40000 1542375089
40000 1542375090
40000 1542375091
40000 1542375092
40000 1542375093
40000 1542375094
40000 1542375095
40000 1542375096
40000 1542375097
40000 1542375098
40000 1542375099
40000 1542375100
40000 1542375101
40000 1542375102
40000 1542375103
40000 1542375104
40000 1542375105
40000 1542375106
40000 1542375107
40000 1542375108
40000 1542375109
40000 1542375110
40000 1542375111
40000 1542375112
40000 1542375113
40000 1542375114
40000 1542375115
40000 1542375116
40000 1542375117
40000 1542375118
40000 1542375119
40000 1542375120
40000 1542375121
40000 1542375122
40000 1542375123
40000 1542375124
40000 1542375125
40000 1542375126
40000 1542375127
40000 1542375128
40000 1542375129
40000 1542375130
40000 1542375131
40000 1542375132
40000 1542375133
40000 1542375134
40000 1542375135
40000 1542375136
40000 1542375137
40000 1542375138
40000 1542375139
40000 1542375140
40000 1542375141
40000 1542375142
40000 1542375143
40000 1542375144
40000 1542375145
40000 1542375146
40000 1542375147
40000 1542375148
40000 1542375149
40000 1542375150
40000 1542375151
40000 1542375152
40000 1542375153
40000 1542375154
40000 1542375155
40000 1542375156
40000 1542375157
40000 1542375158
40000 1542375159
40000 1542375160
40000 1542375161
40000 1542375162
40000 1542375163
40000 1542375164
40000 1542375165
40000 1542375166
40000 1542375167
40000 1542375168
40000 1542375169
40000 1542375170
40000 1542375171
40000 1542375172
40000 1542375173
40000 1542375174
40000 1542375175
40000 1542375176
40000 1542375177
40000 1542375178
40000 1542375179
40000 1542375180
40000 1542375181
40000 1542375182
40000 1542375183
40000 1542375184
40000 1542375185
40000 1542375186
40000 1542375187
40000 1542375188
40000 1542375189
40000 1542375190
40000 1542375191
40000 1542375192
40000 1542375193
40000 1542375194
40000 1542375195
40000 1542375196
40000 1542375197
40000 1542375198
40000 1542375199
40000 1542375200
40000 1542375201
40000 1542375202
40000 1542375203
40000 1542375204
40000 1542375205
40000 1542375206
40000 1542375207
40000 1542375208
40000 1542375209
40000 1542375210
40000 1542375211
40000 1542375212
40000 1542375213
40000 1542375214
40000 1542375215
40000 1542375216
40000 1542375217
40000 1542375218
40000 1542375219
40000 1542375220
40000 1542375221
40000 1542375222
40000 1542375223
40000 1542375224
40000 1542375225
40000 1542375226
40000 1542375227
40000 1542375228
40000 1542375229
40000 1542375230
40000 1542375231
40000 1542375232
40000 1542375233
40000 1542375234
40000 1542375235
40000 1542375236
40000 1542375237
40000 1542375238
40000 1542375239
40000 1542375240
40000 1542375241
40000 1542375242
40000 1542375243
40000 1542375244
40000 1542375245
40000 1542375246
40000 1542375247
40000 1542375248
40000 1542375249
40000 1542375250
40000 1542375251
40000 1542375252
40000 1542375253
40000 1542375254
40000 1542375255
40000 1542375256
40000 1542375257
40000 1542375258
40000 1542375259
40000 1542375260
40000 1542375261
40000 1542375262
40000 1542375263
40000 1542375264
40000 1542375265
40000 1542375266
40000 1542375267
40000 1542375268
40000 1542375269
40000 1542375270
40000 1542375271
40000 1542375273
40000 1542375274
40000 1542375275
40000 1542375276
40000 1542375277
40000 1542375278
40000 1542375279
40000 1542375280
40000 1542375281
40000 1542375282
40000 1542375283
40000 1542375284
40000 1542375285
40000 1542375286
40000 1542375287
40000 1542375288
40000 1542375289
40000 1542375290
40000 1542375291
40000 1542375292
40000 1542375293
40000 1542375294
40000 1542375295
40000 1542375296
40000 1542375297
40000 1542375298
40000 1542375299
40000 1542375300
40000 1542375301
40000 1542375302
40000 1542375303
40000 1542375304
40000 1542375305
5600 1542375305
40042 1542375306
40008 1542375307
40002 1542375308
40001 1542375309
40008 1542375310
40002 1542375311
40001 1542375312
40005 1542375313
40002 1542375314
40004 1542375315
40003 1542375316
40004 1542375317
40001 1542375318
40001 1542375319
40007 1542375320
40002 1542375321
40002 1542375322
40006 1542375323
40004 1542375324
40007 1542375325
40001 1542375326
40002 1542375327
40001 1542375328
40002 1542375329
40000 1542375330
40002 1542375331
40002 1542375332
40003 1542375333
40002 1542375334
40007 1542375335
40001 1542375336
40001 1542375337
40000 1542375338
40002 1542375339
40004 1542375340
40001 1542375341
40000 1542375342
40006 1542375343
40006 1542375344
40003 1542375345
40004 1542375346
40003 1542375347
40004 1542375348
40001 1542375349
40002 1542375350
40004 1542375351
40003 1542375352
40001 1542375353
40002 1542375354
40003 1542375355
40001 1542375356
40000 1542375357
