40000 1542291438
40000 1542291439
40010 1542291440
40001 1542291441
40004 1542291442
40003 1542291443
40004 1542291444
40005 1542291445
40004 1542291446
40002 1542291447
40000 1542291448
40003 1542291449
40003 1542291450
40002 1542291451
40004 1542291452
40003 1542291454
40004 1542291455
40000 1542291456
40003 1542291457
40003 1542291458
40004 1542291459
40001 1542291460
40005 1542291461
40007 1542291462
40005 1542291463
40002 1542291464
40004 1542291465
40003 1542291466
40001 1542291467
40003 1542291468
40003 1542291469
40004 1542291470
40004 1542291471
40003 1542291472
40008 1542291473
40003 1542291474
40002 1542291475
40002 1542291476
40002 1542291477
40001 1542291478
40003 1542291479
40002 1542291480
40008 1542291481
40005 1542291482
40005 1542291483
40003 1542291484
40007 1542291485
40002 1542291486
40005 1542291487
40004 1542291488
40004 1542291489
40006 1542291490
40003 1542291491
40001 1542291492
40003 1542291493
40005 1542291494
40001 1542291495
40005 1542291496
40002 1542291497
40003 1542291498
40004 1542291499
40007 1542291500
40004 1542291501
40002 1542291502
40006 1542291503
40002 1542291504
40001 1542291505
40007 1542291506
40004 1542291507
40010 1542291508
40001 1542291509
40005 1542291510
40002 1542291511
40002 1542291512
40001 1542291513
40003 1542291514
40001 1542291515
40001 1542291516
40001 1542291517
40006 1542291518
40002 1542291519
40004 1542291520
40005 1542291521
40005 1542291522
40004 1542291523
40001 1542291524
40003 1542291525
40006 1542291526
40006 1542291527
40003 1542291528
40002 1542291529
40001 1542291530
40005 1542291531
40004 1542291532
40005 1542291533
40005 1542291534
40004 1542291535
40007 1542291536
40003 1542291537
40001 1542291538
40003 1542291539
40002 1542291540
40004 1542291541
40003 1542291542
40002 1542291543
40007 1542291544
40008 1542291545
40004 1542291546
40001 1542291547
40002 1542291548
40002 1542291549
40005 1542291550
40004 1542291551
40002 1542291552
40003 1542291553
40002 1542291554
40004 1542291555
40002 1542291556
40002 1542291557
40001 1542291558
40001 1542291559
440 1542291559
40004 1542291560
40005 1542291561
40003 1542291562
40005 1542291563
40005 1542291564
40001 1542291565
40003 1542291566
40000 1542291567
40004 1542291568
40001 1542291569
40004 1542291570
40003 1542291571
40003 1542291572
40004 1542291573
40002 1542291574
40003 1542291575
40003 1542291576
40005 1542291577
40004 1542291578
40002 1542291579
40005 1542291580
40003 1542291581
40003 1542291582
40001 1542291583
40002 1542291584
40003 1542291585
40004 1542291586
40004 1542291587
40004 1542291588
40004 1542291589
40004 1542291590
40003 1542291591
40006 1542291592
40002 1542291593
40003 1542291594
40004 1542291595
40003 1542291596
40001 1542291597
40003 1542291598
40006 1542291599
40002 1542291600
40003 1542291601
40002 1542291602
40005 1542291603
40005 1542291604
40004 1542291605
40003 1542291606
40004 1542291607
40005 1542291608
40002 1542291609
40006 1542291610
40002 1542291611
40002 1542291612
40005 1542291613
40003 1542291614
40003 1542291615
40001 1542291616
40004 1542291617
40004 1542291618
40006 1542291619
40004 1542291620
40004 1542291621
40003 1542291622
40005 1542291623
40001 1542291624
40004 1542291625
40003 1542291626
40005 1542291627
40003 1542291628
40004 1542291629
40006 1542291630
40001 1542291631
40002 1542291632
40003 1542291633
40007 1542291634
40004 1542291635
40002 1542291636
40003 1542291637
40000 1542291638
40002 1542291639
40003 1542291640
40003 1542291641
40006 1542291642
40002 1542291643
40002 1542291644
40008 1542291645
40004 1542291646
40002 1542291647
40005 1542291648
40007 1542291649
40004 1542291650
40005 1542291651
40006 1542291652
40003 1542291653
40003 1542291654
40004 1542291655
40006 1542291656
40004 1542291657
40004 1542291658
40002 1542291659
40003 1542291660
40006 1542291661
40003 1542291662
40003 1542291663
40006 1542291664
40002 1542291665
40009 1542291666
40003 1542291667
40007 1542291668
40007 1542291669
40002 1542291670
40003 1542291671
40003 1542291672
40001 1542291673
40003 1542291674
40006 1542291675
40004 1542291676
40001 1542291677
40002 1542291678
40002 1542291679
40002 1542291680
40005 1542291681
40007 1542291682
40008 1542291683
40004 1542291684
40008 1542291685
40003 1542291686
40005 1542291687
40002 1542291688
40002 1542291689
40003 1542291690
40005 1542291691
40003 1542291692
40004 1542291693
40003 1542291694
640 1542291695
40003 1542291695
40002 1542291696
40000 1542291697
40002 1542291698
40004 1542291699
40001 1542291700
40001 1542291701
40002 1542291702
40002 1542291703
40002 1542291704
40004 1542291705
40008 1542291706
40002 1542291707
40002 1542291708
40005 1542291709
40004 1542291710
40002 1542291711
40003 1542291712
40002 1542291713
40003 1542291714
40001 1542291715
40002 1542291716
40004 1542291717
1920 1542291718
40007 1542291719
40004 1542291720
40003 1542291721
40003 1542291722
40003 1542291723
40002 1542291724
40003 1542291725
40005 1542291726
40005 1542291727
40005 1542291728
40004 1542291729
1220 1542291729
40004 1542291730
40001 1542291731
40006 1542291732
40004 1542291733
40004 1542291734
40004 1542291735
40004 1542291736
40005 1542291737
40002 1542291738
40001 1542291739
40007 1542291740
40005 1542291741
40005 1542291742
40002 1542291743
40001 1542291744
40005 1542291745
40003 1542291746
40002 1542291747
40002 1542291748
40005 1542291749
40005 1542291750
40002 1542291751
40003 1542291752
40003 1542291753
40001 1542291754
40001 1542291755
40008 1542291756
40007 1542291757
40003 1542291758
40003 1542291759
40002 1542291760
40003 1542291761
40002 1542291762
40004 1542291763
40002 1542291764
40002 1542291765
40003 1542291766
40005 1542291767
40005 1542291768
40004 1542291769
40006 1542291770
40001 1542291771
40003 1542291772
40004 1542291773
40003 1542291774
40005 1542291775
40000 1542291776
40001 1542291777
40004 1542291778
40003 1542291779
40004 1542291780
40003 1542291781
40002 1542291782
40004 1542291783
40004 1542291784
40002 1542291785
40003 1542291786
40002 1542291787
40002 1542291788
40001 1542291789
40007 1542291790
40002 1542291791
40006 1542291792
40006 1542291793
40004 1542291794
40005 1542291795
40004 1542291796
40002 1542291797
40002 1542291798
40004 1542291799
40002 1542291800
40004 1542291801
40001 1542291802
40004 1542291803
40006 1542291804
40005 1542291805
40004 1542291806
40002 1542291807
40002 1542291808
40002 1542291809
40003 1542291810
40002 1542291811
40006 1542291812
40003 1542291813
40002 1542291814
40002 1542291815
40002 1542291816
40001 1542291817
40000 1542291818
40004 1542291819
40006 1542291820
40004 1542291821
40002 1542291822
40005 1542291823
40002 1542291824
40006 1542291825
40003 1542291826
40002 1542291827
40005 1542291828
40005 1542291829
40005 1542291830
40007 1542291831
40002 1542291832
40004 1542291833
40004 1542291834
40003 1542291835
40002 1542291836
40006 1542291837
40006 1542291838
40009 1542291839
40004 1542291840
40002 1542291841
40001 1542291842
40002 1542291843
40004 1542291844
40004 1542291845
40002 1542291846
40004 1542291847
40003 1542291848
40004 1542291849
40002 1542291850
40004 1542291851
40003 1542291852
40000 1542291853
40003 1542291854
40003 1542291855
40000 1542291856
40003 1542291857
40001 1542291858
40002 1542291859
40005 1542291860
40004 1542291861
40002 1542291862
40004 1542291863
40004 1542291864
40005 1542291865
40002 1542291866
40004 1542291867
40004 1542291868
40002 1542291869
40002 1542291870
40004 1542291871
40008 1542291872
40006 1542291873
40002 1542291874
40004 1542291875
40002 1542291876
40002 1542291877
40006 1542291878
40002 1542291879
40004 1542291880
40002 1542291881
40005 1542291882
40007 1542291883
40002 1542291884
40000 1542291885
40002 1542291886
40007 1542291887
40003 1542291888
40001 1542291889
40002 1542291890
40002 1542291891
40001 1542291892
40004 1542291893
40003 1542291894
40001 1542291895
40003 1542291896
40003 1542291897
40004 1542291898
40004 1542291899
40007 1542291900
40002 1542291901
40002 1542291902
40004 1542291903
40004 1542291904
40004 1542291905
40002 1542291906
40003 1542291907
40003 1542291908
40006 1542291909
40001 1542291910
40005 1542291911
40002 1542291912
40003 1542291913
40002 1542291914
40003 1542291915
40002 1542291916
40006 1542291917
40006 1542291918
40001 1542291919
40002 1542291920
40005 1542291921
40001 1542291922
40004 1542291923
40002 1542291924
40005 1542291925
40006 1542291926
40003 1542291927
40002 1542291928
40003 1542291929
40003 1542291930
40005 1542291931
40005 1542291932
40003 1542291933
40002 1542291934
40005 1542291935
40002 1542291936
40004 1542291937
40004 1542291938
40003 1542291939
40003 1542291940
40003 1542291941
40004 1542291942
40003 1542291943
40001 1542291944
40004 1542291945
40006 1542291946
40003 1542291947
40000 1542291948
40004 1542291949
40002 1542291950
40007 1542291951
40004 1542291952
40006 1542291953
40004 1542291954
40003 1542291955
40007 1542291956
40004 1542291957
40006 1542291958
40007 1542291959
40001 1542291960
40003 1542291961
40003 1542291962
40004 1542291963
40001 1542291964
40004 1542291965
40003 1542291966
40001 1542291967
40002 1542291968
40004 1542291969
40003 1542291970
40005 1542291971
40001 1542291972
40003 1542291973
40003 1542291974
40006 1542291975
40006 1542291976
40002 1542291977
40004 1542291978
40002 1542291979
40003 1542291980
40002 1542291981
40006 1542291982
40003 1542291983
40004 1542291984
40003 1542291985
40005 1542291986
40004 1542291987
40002 1542291988
40002 1542291989
40004 1542291990
40004 1542291991
40004 1542291992
40004 1542291993
40004 1542291994
40004 1542291995
40001 1542291996
40002 1542291997
40007 1542291998
40002 1542291999
40003 1542292000
40005 1542292001
40003 1542292002
40004 1542292003
40001 1542292004
40000 1542292005
40003 1542292006
40004 1542292007
40006 1542292008
40002 1542292009
40001 1542292010
40004 1542292011
40002 1542292012
40001 1542292013
40000 1542292014
40003 1542292015
40005 1542292016
40003 1542292017
40002 1542292018
40004 1542292019
40004 1542292020
40006 1542292021
40003 1542292022
40001 1542292023
40005 1542292024
40000 1542292025
40002 1542292026
40004 1542292027
40003 1542292028
40002 1542292029
40005 1542292030
4340 1542292031
40003 1542292031
40005 1542292032
40003 1542292033
40002 1542292034
40003 1542292035
40005 1542292036
40005 1542292037
40003 1542292038
40001 1542292040
40005 1542292041
40005 1542292042
40006 1542292043
40006 1542292044
40004 1542292045
40005 1542292046
40006 1542292047
40005 1542292048
40002 1542292049
40001 1542292050
40002 1542292051
40003 1542292052
40004 1542292053
40003 1542292054
40006 1542292055
40004 1542292056
40000 1542292057
40005 1542292058
40004 1542292059
40001 1542292060
40005 1542292061
40002 1542292062
40003 1542292063
40004 1542292064
40006 1542292065
40001 1542292066
40005 1542292067
40006 1542292068
40004 1542292069
40000 1542292070
40003 1542292071
40002 1542292072
40002 1542292073
40010 1542292074
40003 1542292075
40001 1542292076
40005 1542292077
40005 1542292078
40000 1542292079
40000 1542292080
40002 1542292081
40003 1542292082
40001 1542292083
40004 1542292084
40006 1542292085
40005 1542292086
40005 1542292087
40004 1542292088
40004 1542292089
40003 1542292090
40005 1542292091
40004 1542292092
40004 1542292093
40005 1542292094
40003 1542292095
40005 1542292096
40005 1542292097
40003 1542292098
40002 1542292099
40004 1542292100
40002 1542292101
40002 1542292102
40003 1542292103
40003 1542292104
40006 1542292105
40003 1542292106
40006 1542292107
40003 1542292108
40007 1542292109
40004 1542292110
40003 1542292111
40003 1542292112
40004 1542292113
40004 1542292114
40006 1542292115
40002 1542292116
40003 1542292117
40006 1542292118
40004 1542292119
40001 1542292120
40002 1542292121
40001 1542292122
40003 1542292123
40003 1542292124
40005 1542292125
40003 1542292126
40009 1542292127
40002 1542292128
40005 1542292129
40004 1542292130
40002 1542292131
40002 1542292132
40003 1542292133
40003 1542292134
40006 1542292135
40002 1542292136
40007 1542292137
40002 1542292138
40008 1542292139
40003 1542292140
40005 1542292141
40002 1542292142
40001 1542292143
40003 1542292144
40002 1542292145
40003 1542292146
40003 1542292147
40002 1542292148
40001 1542292149
40005 1542292150
40005 1542292151
40003 1542292152
40005 1542292153
40003 1542292154
40002 1542292155
40006 1542292156
40006 1542292157
40000 1542292158
40004 1542292159
40005 1542292160
40002 1542292161
40002 1542292162
40002 1542292163
40001 1542292164
40001 1542292165
40005 1542292166
40001 1542292167
40010 1542292168
40002 1542292169
40003 1542292170
40002 1542292171
40001 1542292172
40006 1542292173
40006 1542292174
40002 1542292175
40003 1542292176
40006 1542292177
40002 1542292178
40002 1542292179
40005 1542292180
40006 1542292181
40008 1542292182
40004 1542292183
40003 1542292184
40006 1542292185
40003 1542292186
40003 1542292187
2880 1542292188
40003 1542292188
40002 1542292189
40004 1542292190
40006 1542292191
40004 1542292192
40003 1542292193
40005 1542292194
40003 1542292195
40003 1542292196
40006 1542292197
40002 1542292198
40002 1542292199
40006 1542292200
40003 1542292201
40004 1542292202
40002 1542292203
40001 1542292204
40003 1542292205
40003 1542292206
40001 1542292207
40001 1542292208
40004 1542292209
40007 1542292210
40005 1542292211
40003 1542292212
40002 1542292213
40005 1542292214
40007 1542292215
40005 1542292216
40005 1542292217
40002 1542292218
40003 1542292219
40006 1542292220
40009 1542292221
40007 1542292222
40004 1542292223
40005 1542292224
40003 1542292225
40002 1542292226
40002 1542292227
40005 1542292228
40004 1542292229
40002 1542292230
40006 1542292231
40003 1542292232
40006 1542292233
40004 1542292234
40003 1542292235
40004 1542292236
40005 1542292237
40007 1542292238
40003 1542292239
40003 1542292240
40007 1542292241
40003 1542292242
40003 1542292243
40006 1542292244
40004 1542292245
40004 1542292246
40003 1542292247
40005 1542292248
40004 1542292249
40004 1542292250
40002 1542292251
40008 1542292252
40004 1542292253
40003 1542292254
40003 1542292255
40003 1542292256
40003 1542292257
40006 1542292258
40003 1542292259
40002 1542292260
40001 1542292261
40004 1542292262
40001 1542292263
40002 1542292264
40003 1542292265
40003 1542292266
40005 1542292267
40005 1542292268
40008 1542292269
40001 1542292270
40005 1542292271
40005 1542292272
40005 1542292273
40003 1542292274
40003 1542292275
40002 1542292276
40005 1542292277
40004 1542292278
40006 1542292279
40004 1542292280
2220 1542292280
40006 1542292281
40006 1542292282
40005 1542292283
40007 1542292284
40004 1542292285
40005 1542292286
40007 1542292287
40002 1542292288
12260 1542292289
40006 1542292289
40003 1542292290
40006 1542292291
40005 1542292292
40003 1542292293
40004 1542292294
40003 1542292295
40004 1542292296
40003 1542292297
40002 1542292298
40004 1542292299
40006 1542292300
40001 1542292301
40005 1542292302
40004 1542292303
40002 1542292304
40002 1542292305
40002 1542292306
40006 1542292307
40003 1542292308
40005 1542292309
40002 1542292310
40006 1542292311
40011 1542292312
40008 1542292313
40005 1542292314
40003 1542292315
40001 1542292316
40002 1542292317
40005 1542292318
40008 1542292319
40005 1542292320
40003 1542292321
40000 1542292322
40001 1542292323
40003 1542292324
40003 1542292325
2540 1542292326
40003 1542292326
40010 1542292327
40006 1542292328
40002 1542292329
40007 1542292330
40003 1542292331
40004 1542292332
4280 1542292332
40004 1542292333
40005 1542292334
40003 1542292335
40001 1542292336
40003 1542292337
40002 1542292338
40004 1542292339
40011 1542292340
40003 1542292341
40003 1542292342
40006 1542292343
40002 1542292344
40003 1542292345
2080 1542292346
580 1542292346
40005 1542292346
40003 1542292347
40002 1542292348
40010 1542292349
40002 1542292350
40004 1542292351
40009 1542292352
40001 1542292353
40006 1542292354
40003 1542292355
40011 1542292356
40007 1542292357
40004 1542292358
40009 1542292359
40002 1542292360
40005 1542292361
40000 1542292362
40002 1542292363
40003 1542292364
40006 1542292365
40003 1542292366
40001 1542292367
40005 1542292368
40005 1542292369
40003 1542292370
40004 1542292371
40007 1542292372
40004 1542292373
40006 1542292374
40002 1542292375
40007 1542292376
40004 1542292377
40007 1542292378
40003 1542292379
40006 1542292380
40002 1542292382
40004 1542292383
40004 1542292384
40003 1542292385
40003 1542292386
40003 1542292387
40001 1542292388
40001 1542292389
40004 1542292390
40006 1542292391
40001 1542292392
40004 1542292393
40004 1542292394
40006 1542292395
40008 1542292396
40006 1542292397
40001 1542292398
40002 1542292399
40002 1542292400
40002 1542292401
40003 1542292402
40001 1542292403
40005 1542292404
40003 1542292405
40001 1542292406
40003 1542292407
40001 1542292408
40006 1542292409
40005 1542292410
40003 1542292411
40003 1542292412
40005 1542292413
40005 1542292414
40001 1542292415
40004 1542292416
40007 1542292417
40003 1542292418
40002 1542292419
40006 1542292420
40001 1542292421
40003 1542292422
40009 1542292423
40002 1542292424
40005 1542292425
40003 1542292426
40004 1542292427
40002 1542292428
40004 1542292429
40005 1542292430
40003 1542292431
40008 1542292432
40006 1542292433
40010 1542292434
40002 1542292435
40006 1542292436
40004 1542292437
40005 1542292438
40002 1542292439
40004 1542292440
40005 1542292441
40002 1542292442
40005 1542292443
40001 1542292444
40002 1542292445
40005 1542292446
40004 1542292447
40006 1542292448
40007 1542292449
40005 1542292450
40006 1542292451
40001 1542292452
40004 1542292453
40004 1542292454
40005 1542292455
40003 1542292456
40002 1542292457
40002 1542292458
40007 1542292459
40002 1542292460
40001 1542292461
40003 1542292462
40001 1542292463
40004 1542292464
40003 1542292465
40006 1542292466
40001 1542292467
40007 1542292468
40003 1542292469
40002 1542292470
40002 1542292471
40003 1542292472
40005 1542292473
40004 1542292474
40007 1542292475
40004 1542292476
40007 1542292477
40001 1542292478
40005 1542292479
40005 1542292480
40002 1542292481
40003 1542292482
40007 1542292483
40002 1542292484
40006 1542292485
40006 1542292486
40003 1542292487
40005 1542292488
40004 1542292489
40007 1542292490
40006 1542292491
40002 1542292492
40010 1542292493
40007 1542292494
40004 1542292495
40007 1542292496
40007 1542292497
40002 1542292498
40006 1542292499
40003 1542292500
40002 1542292501
40003 1542292502
40005 1542292503
40005 1542292504
40006 1542292505
40006 1542292506
40003 1542292507
40002 1542292508
40006 1542292509
40006 1542292510
3660 1542292511
40004 1542292511
40005 1542292512
40002 1542292513
40004 1542292514
40001 1542292515
40006 1542292516
40010 1542292517
40005 1542292518
40003 1542292519
40004 1542292520
40004 1542292521
40006 1542292522
40001 1542292523
40002 1542292524
40004 1542292525
40002 1542292526
40005 1542292527
40009 1542292528
40003 1542292529
580 1542292530
40003 1542292530
40010 1542292531
40004 1542292532
40006 1542292533
40002 1542292534
40001 1542292535
40005 1542292536
40003 1542292537
40007 1542292538
40004 1542292539
40005 1542292540
40003 1542292541
40003 1542292542
40003 1542292543
40002 1542292544
40008 1542292545
40004 1542292546
40004 1542292547
40004 1542292548
40004 1542292549
40003 1542292550
40002 1542292551
40003 1542292552
40003 1542292553
40006 1542292554
40005 1542292555
40002 1542292556
40004 1542292557
40005 1542292558
40004 1542292559
40007 1542292560
40004 1542292561
40003 1542292562
40005 1542292563
40003 1542292564
40004 1542292565
40005 1542292566
40001 1542292567
40004 1542292568
40006 1542292569
40004 1542292570
40004 1542292571
40002 1542292572
40003 1542292573
40005 1542292574
7000 1542292574
40004 1542292575
40002 1542292576
40003 1542292577
40003 1542292578
40001 1542292579
40005 1542292580
40001 1542292581
40004 1542292582
40001 1542292583
40002 1542292584
40002 1542292585
40003 1542292586
40002 1542292587
40004 1542292588
40001 1542292589
40004 1542292590
40001 1542292591
40003 1542292592
40001 1542292593
40003 1542292594
40003 1542292595
40005 1542292596
40002 1542292597
40007 1542292598
40002 1542292599
40007 1542292600
40002 1542292601
40007 1542292602
40004 1542292603
40003 1542292604
40007 1542292605
40005 1542292606
40004 1542292607
40005 1542292608
40004 1542292609
40005 1542292610
40006 1542292611
40002 1542292612
40006 1542292613
40002 1542292614
40003 1542292615
40002 1542292616
40006 1542292617
40002 1542292618
40006 1542292619
40009 1542292620
40003 1542292621
40004 1542292623
40005 1542292624
40004 1542292625
40004 1542292626
40004 1542292627
40001 1542292628
40003 1542292629
40006 1542292630
40004 1542292631
40005 1542292632
40002 1542292633
40005 1542292634
40003 1542292635
40003 1542292636
40004 1542292637
40002 1542292638
40001 1542292639
40003 1542292640
40006 1542292641
40004 1542292642
40005 1542292643
40000 1542292644
40007 1542292645
40004 1542292646
40007 1542292647
40001 1542292648
40006 1542292649
40005 1542292650
40006 1542292651
40004 1542292652
40002 1542292653
40006 1542292654
40004 1542292655
40001 1542292656
40004 1542292657
40005 1542292658
40002 1542292659
40007 1542292660
40003 1542292661
40004 1542292662
40004 1542292663
40008 1542292664
40004 1542292665
40004 1542292666
40005 1542292667
40001 1542292668
40008 1542292669
40002 1542292670
40001 1542292671
40002 1542292672
40007 1542292673
40002 1542292674
40002 1542292675
40005 1542292676
40009 1542292677
40004 1542292678
40003 1542292679
40003 1542292680
40002 1542292681
40003 1542292682
40007 1542292683
40003 1542292684
40004 1542292685
40001 1542292686
40004 1542292687
40002 1542292688
40006 1542292689
40002 1542292690
40001 1542292691
40003 1542292692
40005 1542292693
40003 1542292694
40004 1542292695
40004 1542292696
40004 1542292697
40006 1542292698
40001 1542292699
40007 1542292700
40005 1542292701
40001 1542292702
40005 1542292703
40005 1542292704
40005 1542292705
40002 1542292706
40002 1542292707
40002 1542292708
40003 1542292709
40008 1542292710
40002 1542292711
40002 1542292712
40001 1542292713
40002 1542292714
40005 1542292715
40006 1542292716
40006 1542292717
40006 1542292718
40005 1542292719
40002 1542292720
40004 1542292721
40002 1542292722
40003 1542292723
40002 1542292724
40002 1542292725
40004 1542292726
300 1542292727
40003 1542292727
40007 1542292728
40005 1542292729
40000 1542292730
40001 1542292731
40002 1542292732
40001 1542292733
40002 1542292734
40008 1542292735
40006 1542292736
40003 1542292737
40002 1542292738
40003 1542292739
40005 1542292740
40003 1542292741
40004 1542292742
40003 1542292743
40001 1542292744
40004 1542292745
40003 1542292746
40008 1542292747
40005 1542292748
40005 1542292749
160 1542292749
40005 1542292750
40003 1542292751
40008 1542292752
40001 1542292753
40005 1542292754
40004 1542292755
40001 1542292756
40001 1542292757
40007 1542292758
40001 1542292759
40003 1542292760
40000 1542292761
40005 1542292762
40005 1542292763
40004 1542292764
40003 1542292765
40003 1542292766
40010 1542292767
40003 1542292768
40003 1542292769
40002 1542292770
40002 1542292771
40004 1542292772
40003 1542292773
40004 1542292774
40001 1542292775
40002 1542292776
40004 1542292777
40004 1542292778
40003 1542292779
40001 1542292780
40003 1542292781
40006 1542292782
40002 1542292783
40004 1542292784
40002 1542292785
40006 1542292786
40007 1542292787
40004 1542292788
40004 1542292789
40006 1542292790
40002 1542292791
40003 1542292792
40006 1542292793
40005 1542292794
40004 1542292795
40004 1542292796
40008 1542292797
40003 1542292798
40002 1542292799
40003 1542292800
40002 1542292801
40004 1542292802
40007 1542292803
40004 1542292804
40004 1542292805
40005 1542292806
40003 1542292807
40002 1542292808
40002 1542292809
40003 1542292810
40005 1542292811
40004 1542292812
40008 1542292813
40005 1542292814
40004 1542292815
40002 1542292816
40008 1542292817
40002 1542292818
40008 1542292819
40004 1542292820
40004 1542292821
40004 1542292822
40002 1542292823
40008 1542292824
40002 1542292825
40006 1542292826
40004 1542292827
40005 1542292828
40001 1542292829
40007 1542292830
40005 1542292831
40002 1542292832
40004 1542292833
40003 1542292834
40004 1542292835
40006 1542292836
40005 1542292837
40004 1542292838
40006 1542292839
40001 1542292840
40005 1542292841
40005 1542292842
40006 1542292843
40003 1542292844
40003 1542292845
40005 1542292846
40003 1542292847
40004 1542292848
40004 1542292849
40000 1542292850
40001 1542292851
40002 1542292852
40002 1542292853
40004 1542292854
40002 1542292855
40004 1542292856
40005 1542292857
40005 1542292858
1420 1542292859
40004 1542292859
40004 1542292860
40004 1542292861
40004 1542292862
40001 1542292863
40005 1542292864
40009 1542292865
40003 1542292866
40003 1542292867
40004 1542292868
40008 1542292869
40002 1542292870
40000 1542292871
40003 1542292872
40003 1542292873
40002 1542292874
40003 1542292875
40008 1542292877
40003 1542292878
40004 1542292879
40007 1542292880
40001 1542292881
40006 1542292882
40001 1542292883
40005 1542292884
40000 1542292885
40004 1542292886
40006 1542292887
40001 1542292888
40005 1542292889
40001 1542292890
40006 1542292891
40009 1542292892
40009 1542292893
40005 1542292894
40004 1542292895
40003 1542292896
40002 1542292897
40001 1542292898
40005 1542292899
40002 1542292900
40003 1542292901
40006 1542292902
40007 1542292903
40004 1542292904
40003 1542292905
40001 1542292906
40002 1542292907
40002 1542292908
40001 1542292909
40006 1542292910
40002 1542292911
40004 1542292912
40004 1542292913
40005 1542292914
40006 1542292915
40002 1542292916
40004 1542292917
40004 1542292918
40006 1542292919
40004 1542292920
40004 1542292921
40005 1542292922
40003 1542292923
40002 1542292924
40007 1542292925
40005 1542292926
40006 1542292927
40003 1542292928
40002 1542292929
40002 1542292930
40002 1542292931
40006 1542292932
40004 1542292933
40002 1542292934
40007 1542292935
40006 1542292936
40007 1542292937
40001 1542292938
40006 1542292939
40007 1542292940
40004 1542292941
40001 1542292942
40004 1542292943
40002 1542292944
40004 1542292945
40004 1542292946
40008 1542292947
40000 1542292948
40002 1542292949
40002 1542292950
40004 1542292951
40003 1542292952
40007 1542292953
40004 1542292954
40004 1542292955
40006 1542292956
40004 1542292957
40004 1542292958
40002 1542292959
40000 1542292960
40003 1542292961
40001 1542292962
40006 1542292963
40004 1542292964
40003 1542292965
40008 1542292966
40004 1542292967
40007 1542292968
40005 1542292969
40006 1542292970
40010 1542292971
40003 1542292972
40010 1542292973
40005 1542292974
40004 1542292975
40005 1542292976
40001 1542292977
40009 1542292978
40004 1542292979
40004 1542292980
40004 1542292981
40003 1542292982
40003 1542292983
40002 1542292984
40004 1542292985
40006 1542292986
40006 1542292987
40005 1542292988
40002 1542292989
40001 1542292990
40005 1542292991
40005 1542292992
40003 1542292993
40002 1542292994
40001 1542292995
40002 1542292996
40003 1542292997
40001 1542292998
40002 1542292999
40005 1542293000
40002 1542293001
40006 1542293002
40003 1542293003
40003 1542293004
40003 1542293005
40001 1542293006
40002 1542293007
40006 1542293008
40001 1542293009
40005 1542293010
40002 1542293011
40003 1542293012
40004 1542293013
40001 1542293014
40005 1542293015
40004 1542293016
40004 1542293017
40005 1542293018
40004 1542293019
40002 1542293020
40004 1542293021
40004 1542293022
40005 1542293023
40002 1542293024
40006 1542293025
40002 1542293026
40001 1542293027
40006 1542293028
40003 1542293029
40006 1542293030
40004 1542293031
40004 1542293032
40001 1542293033
40003 1542293034
40005 1542293035
40005 1542293036
40002 1542293037
1360 1542293038
40005 1542293038
40004 1542293039
40002 1542293040
40001 1542293041
40007 1542293042
40002 1542293043
40007 1542293044
40007 1542293045
40001 1542293046
40002 1542293047
40002 1542293048
40004 1542293049
40006 1542293050
40003 1542293051
40006 1542293052
40004 1542293053
40005 1542293054
40003 1542293055
40002 1542293056
40002 1542293057
40003 1542293058
40002 1542293059
40005 1542293060
40007 1542293061
40003 1542293062
40004 1542293063
40003 1542293064
40004 1542293065
40003 1542293066
40004 1542293067
40002 1542293068
40005 1542293069
1160 1542293069
40005 1542293070
40001 1542293071
40002 1542293072
40003 1542293073
40004 1542293074
40004 1542293075
40003 1542293076
40004 1542293077
40002 1542293078
40003 1542293079
40007 1542293080
40006 1542293081
40001 1542293082
40003 1542293083
40002 1542293084
40004 1542293085
40004 1542293086
40003 1542293087
40003 1542293088
40002 1542293089
40002 1542293090
920 1542293091
40004 1542293091
40002 1542293092
40003 1542293093
40003 1542293094
40004 1542293095
40002 1542293096
40004 1542293097
40004 1542293098
40001 1542293099
40005 1542293100
40005 1542293101
40002 1542293102
40002 1542293103
40009 1542293104
40004 1542293105
40003 1542293106
40004 1542293107
40002 1542293108
40007 1542293109
40006 1542293110
40002 1542293111
40002 1542293112
40003 1542293113
40008 1542293114
40003 1542293115
40004 1542293116
40004 1542293117
600 1542293118
40004 1542293118
40003 1542293119
40001 1542293120
40002 1542293121
40000 1542293122
40003 1542293123
40004 1542293124
1840 1542293125
40005 1542293125
40003 1542293126
40005 1542293128
40006 1542293129
40005 1542293130
40006 1542293131
40005 1542293132
40003 1542293133
40004 1542293134
40005 1542293135
40002 1542293136
40005 1542293137
40003 1542293138
40005 1542293139
40003 1542293140
40004 1542293141
40003 1542293142
40003 1542293143
40002 1542293144
40002 1542293145
600 1542293145
40006 1542293146
40005 1542293147
40003 1542293148
40002 1542293149
40002 1542293150
40002 1542293151
40005 1542293152
40005 1542293153
40003 1542293154
40001 1542293155
40003 1542293156
40004 1542293157
40002 1542293158
40001 1542293159
40005 1542293160
40000 1542293161
40002 1542293162
40003 1542293163
40003 1542293164
40003 1542293165
40003 1542293166
40008 1542293167
40004 1542293168
40003 1542293169
40002 1542293170
40006 1542293171
40009 1542293172
40003 1542293173
40006 1542293174
40004 1542293175
40004 1542293176
40007 1542293177
40003 1542293178
40007 1542293179
40004 1542293180
40002 1542293181
40005 1542293182
40002 1542293183
40004 1542293184
40001 1542293185
40004 1542293186
40003 1542293187
40001 1542293188
40006 1542293189
40004 1542293190
40001 1542293191
40005 1542293192
40002 1542293193
40003 1542293194
40004 1542293195
40002 1542293196
40006 1542293197
40002 1542293198
40005 1542293199
40003 1542293200
40002 1542293201
40005 1542293202
40002 1542293203
40004 1542293204
40004 1542293205
40002 1542293206
40003 1542293207
40003 1542293208
40002 1542293209
40004 1542293210
40005 1542293211
40005 1542293212
40004 1542293213
40002 1542293214
40005 1542293215
40005 1542293216
40000 1542293217
40007 1542293218
40005 1542293219
40002 1542293220
40006 1542293221
40004 1542293222
40003 1542293223
40004 1542293224
40006 1542293225
40006 1542293226
40001 1542293227
40002 1542293228
40005 1542293229
40002 1542293230
40011 1542293231
40000 1542293232
40007 1542293233
40006 1542293234
40004 1542293235
40006 1542293236
40003 1542293237
40006 1542293238
40006 1542293239
40006 1542293240
40002 1542293241
40005 1542293242
40000 1542293243
40005 1542293244
40005 1542293245
40005 1542293246
40004 1542293247
40005 1542293248
40001 1542293249
40005 1542293250
40006 1542293251
40002 1542293252
40004 1542293253
40002 1542293254
40003 1542293255
40004 1542293256
40003 1542293257
40005 1542293258
40003 1542293259
40003 1542293260
40003 1542293261
40003 1542293262
40005 1542293263
40003 1542293264
40005 1542293265
40005 1542293266
40006 1542293267
40002 1542293268
40007 1542293269
40004 1542293270
40002 1542293271
40003 1542293272
40005 1542293273
40005 1542293274
40003 1542293275
40001 1542293276
40002 1542293277
40002 1542293278
40004 1542293279
40003 1542293280
40002 1542293281
40005 1542293282
40004 1542293283
40000 1542293284
40008 1542293285
40006 1542293286
40005 1542293287
40004 1542293288
40004 1542293289
40002 1542293290
40003 1542293291
40005 1542293292
40002 1542293293
40004 1542293294
40004 1542293295
40004 1542293296
40002 1542293297
40005 1542293298
40002 1542293299
40004 1542293300
40003 1542293301
40004 1542293302
40009 1542293303
40003 1542293304
40001 1542293305
40006 1542293306
40002 1542293307
40003 1542293308
40005 1542293309
40003 1542293310
40003 1542293311
40008 1542293312
40011 1542293313
40002 1542293314
40003 1542293315
40001 1542293316
40005 1542293317
40003 1542293318
40005 1542293319
40008 1542293320
40004 1542293321
40003 1542293322
40003 1542293323
40003 1542293324
40003 1542293325
40003 1542293326
40003 1542293327
40001 1542293328
40004 1542293329
40001 1542293330
40008 1542293331
40006 1542293332
40004 1542293333
40007 1542293334
40007 1542293335
40003 1542293336
40005 1542293337
40005 1542293338
40004 1542293339
40004 1542293340
40003 1542293341
40002 1542293342
6180 1542293342
40010 1542293343
40002 1542293344
40004 1542293345
40002 1542293346
40003 1542293347
40003 1542293348
40007 1542293349
180 1542293350
40002 1542293350
40003 1542293351
40006 1542293352
40001 1542293353
40002 1542293354
40006 1542293355
40003 1542293356
40003 1542293357
40003 1542293358
40003 1542293359
40002 1542293360
40005 1542293361
40001 1542293362
40004 1542293363
40002 1542293364
40004 1542293365
40004 1542293366
40003 1542293367
40005 1542293368
40004 1542293369
40004 1542293370
40004 1542293371
40006 1542293372
40006 1542293373
40005 1542293374
40006 1542293376
40004 1542293377
40004 1542293378
40004 1542293379
40003 1542293380
40003 1542293381
40004 1542293382
40005 1542293383
40002 1542293384
40007 1542293385
40006 1542293386
40002 1542293387
40005 1542293388
40004 1542293389
40002 1542293390
40003 1542293391
40006 1542293392
40005 1542293393
480 1542293393
40003 1542293394
40001 1542293395
40001 1542293396
40001 1542293397
40004 1542293398
40004 1542293399
40002 1542293400
40003 1542293401
40009 1542293402
40005 1542293403
40002 1542293404
40003 1542293405
40003 1542293406
40000 1542293407
40002 1542293408
40005 1542293409
40008 1542293410
40004 1542293411
40003 1542293412
40006 1542293413
40004 1542293414
40002 1542293415
40006 1542293416
40003 1542293417
40003 1542293418
40006 1542293419
40003 1542293420
40005 1542293421
40003 1542293422
40007 1542293423
40002 1542293424
40005 1542293425
40002 1542293426
40001 1542293427
40008 1542293428
40002 1542293429
3860 1542293430
40007 1542293430
40002 1542293431
40002 1542293432
40007 1542293433
40005 1542293434
40004 1542293435
40003 1542293436
40003 1542293437
40004 1542293438
40006 1542293439
40008 1542293440
40004 1542293441
40006 1542293442
40002 1542293443
40001 1542293444
40008 1542293445
40004 1542293446
40002 1542293447
40004 1542293448
40004 1542293449
40005 1542293450
40006 1542293451
40002 1542293452
40004 1542293453
40005 1542293454
40002 1542293455
40008 1542293456
40002 1542293457
40000 1542293458
40007 1542293459
40004 1542293460
40003 1542293461
40005 1542293462
40003 1542293463
40000 1542293464
40003 1542293465
40002 1542293466
40002 1542293467
40006 1542293468
40002 1542293469
40001 1542293470
40002 1542293471
40004 1542293472
40004 1542293473
40005 1542293474
40006 1542293475
40004 1542293476
40006 1542293477
40002 1542293478
40002 1542293479
40006 1542293480
40005 1542293481
40002 1542293482
40004 1542293483
40006 1542293484
40004 1542293485
40005 1542293486
40005 1542293487
40002 1542293488
40005 1542293489
40005 1542293490
40007 1542293491
40007 1542293492
40001 1542293493
40004 1542293494
40006 1542293495
40004 1542293496
40002 1542293497
40007 1542293498
40002 1542293499
40004 1542293500
40003 1542293501
40002 1542293502
40002 1542293503
40003 1542293504
40003 1542293505
40003 1542293506
40000 1542293507
40006 1542293508
40004 1542293509
40004 1542293510
40009 1542293511
40003 1542293512
40005 1542293513
5160 1542293514
40005 1542293514
40008 1542293515
40002 1542293516
40007 1542293517
40000 1542293518
40005 1542293519
40004 1542293520
40005 1542293521
40000 1542293522
40003 1542293523
40006 1542293524
40005 1542293525
40004 1542293526
40005 1542293527
40005 1542293528
40004 1542293529
40002 1542293530
40005 1542293531
40004 1542293532
40003 1542293533
40007 1542293534
40007 1542293535
40002 1542293536
40003 1542293537
920 1542293538
40005 1542293538
40002 1542293539
40006 1542293540
40006 1542293541
40004 1542293542
40006 1542293543
40003 1542293544
40010 1542293545
40004 1542293546
40006 1542293547
40006 1542293548
40002 1542293549
40008 1542293550
40002 1542293551
40002 1542293552
40004 1542293553
40005 1542293554
460 1542293555
40005 1542293555
40006 1542293556
40009 1542293557
40004 1542293558
40003 1542293559
40005 1542293560
40001 1542293561
40002 1542293562
40006 1542293563
40003 1542293564
40004 1542293565
40004 1542293566
40002 1542293567
40004 1542293568
40002 1542293569
40006 1542293570
40007 1542293571
40002 1542293572
40006 1542293573
40006 1542293574
40003 1542293575
40003 1542293576
40003 1542293577
40004 1542293578
40001 1542293579
40003 1542293580
40007 1542293581
40002 1542293582
40004 1542293583
40002 1542293584
40006 1542293585
40002 1542293586
40004 1542293587
40003 1542293588
40008 1542293589
40004 1542293590
40004 1542293591
40005 1542293592
40003 1542293593
40004 1542293594
40007 1542293595
40002 1542293596
40003 1542293597
40002 1542293598
40008 1542293599
40004 1542293600
40000 1542293601
40006 1542293602
40005 1542293603
40001 1542293604
40003 1542293605
40004 1542293606
40004 1542293607
40003 1542293608
40007 1542293609
40005 1542293610
40001 1542293611
40003 1542293612
40003 1542293613
40002 1542293614
3760 1542293615
40003 1542293615
40002 1542293616
40004 1542293617
40005 1542293618
40003 1542293619
4780 1542293620
40005 1542293620
40003 1542293621
40004 1542293623
40005 1542293624
40003 1542293625
40004 1542293626
40003 1542293627
40005 1542293628
40002 1542293629
40002 1542293630
40003 1542293631
40003 1542293632
40003 1542293633
40002 1542293634
40003 1542293635
40006 1542293636
40002 1542293637
40000 1542293638
40006 1542293639
40005 1542293640
40005 1542293641
40005 1542293642
40004 1542293643
40006 1542293644
40002 1542293645
40004 1542293646
40000 1542293647
40001 1542293648
40004 1542293649
40002 1542293650
40003 1542293651
40002 1542293652
40006 1542293653
40000 1542293654
40006 1542293655
40003 1542293656
40005 1542293657
40004 1542293658
40003 1542293659
40003 1542293660
40004 1542293661
40002 1542293662
40005 1542293663
40004 1542293664
40010 1542293665
40003 1542293666
40006 1542293667
40001 1542293668
40003 1542293669
40004 1542293670
40002 1542293671
40004 1542293672
40003 1542293673
40005 1542293674
40005 1542293675
40001 1542293676
40005 1542293677
40002 1542293678
40005 1542293679
40002 1542293680
40007 1542293681
40004 1542293682
40004 1542293683
40006 1542293684
40004 1542293685
40005 1542293686
40007 1542293687
40004 1542293688
40000 1542293689
40005 1542293690
40006 1542293691
40005 1542293692
40003 1542293693
40006 1542293694
40006 1542293695
40004 1542293696
40004 1542293697
40005 1542293698
40006 1542293699
40003 1542293700
40006 1542293701
40003 1542293702
40001 1542293703
40002 1542293704
40005 1542293705
40006 1542293706
40005 1542293707
40002 1542293708
40004 1542293709
40009 1542293710
40003 1542293711
40002 1542293712
40005 1542293713
40003 1542293714
40008 1542293715
40004 1542293716
40003 1542293717
40002 1542293718
40004 1542293719
40001 1542293720
40005 1542293721
40003 1542293722
40008 1542293723
40003 1542293724
40001 1542293725
40004 1542293726
40002 1542293727
40006 1542293728
40005 1542293729
40005 1542293730
40005 1542293731
40004 1542293732
40008 1542293733
40001 1542293734
40004 1542293735
40008 1542293736
40001 1542293737
40004 1542293738
40003 1542293739
40005 1542293740
40001 1542293741
40003 1542293742
40001 1542293743
40002 1542293744
60 1542293744
40005 1542293745
40004 1542293746
40004 1542293747
40004 1542293748
40007 1542293749
40003 1542293750
40003 1542293751
40002 1542293752
40006 1542293753
40006 1542293754
40003 1542293755
40005 1542293756
40002 1542293757
40004 1542293758
40002 1542293759
40002 1542293760
40003 1542293761
40002 1542293762
40001 1542293763
40003 1542293764
40004 1542293765
40002 1542293766
40005 1542293767
40007 1542293768
40007 1542293769
40008 1542293770
40003 1542293771
40002 1542293772
40005 1542293773
40006 1542293774
40006 1542293775
40006 1542293776
40005 1542293777
40005 1542293778
40003 1542293779
40002 1542293780
40008 1542293781
40003 1542293782
40007 1542293783
40003 1542293784
40001 1542293785
40003 1542293786
40005 1542293787
40005 1542293788
40004 1542293789
40006 1542293790
40006 1542293791
40004 1542293792
40002 1542293793
40004 1542293794
40005 1542293795
40006 1542293796
40004 1542293797
40002 1542293798
40003 1542293799
40008 1542293800
40003 1542293801
40003 1542293802
40002 1542293803
40004 1542293804
40003 1542293805
40006 1542293806
40004 1542293807
40002 1542293808
40005 1542293809
40002 1542293810
40004 1542293811
40002 1542293812
40002 1542293813
40004 1542293814
40004 1542293815
40001 1542293816
40002 1542293817
40002 1542293818
40001 1542293819
40000 1542293820
40002 1542293821
40004 1542293822
40003 1542293823
40001 1542293824
40001 1542293825
40002 1542293826
40004 1542293827
40003 1542293828
40003 1542293829
40004 1542293830
40002 1542293831
40005 1542293832
40004 1542293833
40001 1542293834
40006 1542293835
40005 1542293836
40004 1542293837
40004 1542293838
40002 1542293839
40004 1542293840
40001 1542293841
40003 1542293842
40004 1542293843
40002 1542293844
40000 1542293845
40008 1542293846
40005 1542293847
40003 1542293848
40005 1542293849
40002 1542293850
40007 1542293851
40007 1542293852
40002 1542293853
40001 1542293854
40004 1542293855
40002 1542293856
40004 1542293857
40002 1542293858
40005 1542293859
40002 1542293860
40005 1542293861
40001 1542293862
40004 1542293863
40003 1542293864
40005 1542293865
40001 1542293866
40007 1542293867
40005 1542293868
40004 1542293869
40004 1542293870
40007 1542293871
40009 1542293872
40001 1542293873
40002 1542293874
40002 1542293875
40004 1542293876
40003 1542293877
40002 1542293878
40008 1542293879
40010 1542293880
40002 1542293881
40003 1542293882
40003 1542293883
40002 1542293884
40003 1542293885
40000 1542293886
40000 1542293887
40001 1542293889
40001 1542293890
40004 1542293891
40006 1542293892
40007 1542293893
40003 1542293894
40003 1542293895
40007 1542293896
40004 1542293897
40001 1542293898
40005 1542293899
40002 1542293900
40003 1542293901
40006 1542293902
40004 1542293903
40004 1542293904
40007 1542293905
40002 1542293906
40009 1542293907
40003 1542293908
40005 1542293909
40006 1542293910
40009 1542293911
40002 1542293912
40005 1542293913
40003 1542293914
40002 1542293915
40004 1542293916
40004 1542293917
40003 1542293918
40005 1542293919
40003 1542293920
40001 1542293921
40006 1542293922
40003 1542293923
40003 1542293924
40004 1542293925
40011 1542293926
40003 1542293927
40007 1542293928
40002 1542293929
40007 1542293930
40005 1542293931
40001 1542293932
40002 1542293933
40002 1542293934
40003 1542293935
40001 1542293936
40006 1542293937
40005 1542293938
40002 1542293939
40006 1542293940
40003 1542293941
40003 1542293942
40004 1542293943
40007 1542293944
40006 1542293945
40005 1542293946
40006 1542293947
40004 1542293948
40003 1542293949
40001 1542293950
40002 1542293951
40002 1542293952
40003 1542293953
40002 1542293954
40002 1542293955
40003 1542293956
40005 1542293957
40004 1542293958
40004 1542293959
40000 1542293960
40006 1542293961
40003 1542293962
40003 1542293963
40005 1542293964
40003 1542293965
40002 1542293966
40004 1542293967
40004 1542293968
40003 1542293969
40004 1542293970
40007 1542293971
40006 1542293972
40004 1542293973
40002 1542293974
40004 1542293975
40004 1542293976
40006 1542293977
40005 1542293978
40004 1542293979
40002 1542293980
40004 1542293981
40007 1542293982
40005 1542293983
40004 1542293984
40000 1542293985
40005 1542293986
620 1542293986
40004 1542293987
40004 1542293988
40005 1542293989
40002 1542293990
40003 1542293991
40004 1542293992
40002 1542293993
40006 1542293994
40005 1542293995
40005 1542293996
40003 1542293997
40003 1542293998
40000 1542293999
40006 1542294000
40004 1542294001
40003 1542294002
40001 1542294003
40003 1542294004
40008 1542294005
40003 1542294006
40008 1542294007
40005 1542294008
40003 1542294009
40006 1542294010
40003 1542294011
40005 1542294012
40007 1542294013
40007 1542294014
40004 1542294015
40001 1542294016
40005 1542294017
40004 1542294018
40005 1542294019
40006 1542294020
40001 1542294021
40004 1542294022
40002 1542294023
40000 1542294024
40006 1542294025
40007 1542294026
40006 1542294027
40003 1542294028
40002 1542294029
40002 1542294030
40003 1542294031
40004 1542294032
40003 1542294033
40002 1542294034
40004 1542294035
40002 1542294036
40004 1542294037
40010 1542294038
40004 1542294039
40001 1542294040
40003 1542294041
40001 1542294042
40007 1542294043
40004 1542294044
40004 1542294045
40004 1542294046
40003 1542294047
40003 1542294048
40003 1542294049
40004 1542294050
40004 1542294051
40002 1542294052
40005 1542294053
40005 1542294054
40004 1542294055
40003 1542294056
40005 1542294057
40004 1542294058
40003 1542294059
40001 1542294060
40004 1542294061
40002 1542294062
40007 1542294063
40003 1542294064
40002 1542294065
40006 1542294066
40003 1542294067
40004 1542294068
40003 1542294069
40005 1542294070
40004 1542294071
40003 1542294072
40004 1542294073
40003 1542294074
40005 1542294075
40004 1542294076
40004 1542294077
40003 1542294078
40002 1542294080
40006 1542294081
40002 1542294082
40003 1542294083
40009 1542294084
40006 1542294085
40000 1542294086
40003 1542294087
40006 1542294088
40001 1542294089
40003 1542294090
40005 1542294091
40004 1542294092
40002 1542294093
40002 1542294094
40005 1542294095
40003 1542294096
40004 1542294097
40006 1542294098
40003 1542294099
40003 1542294100
40006 1542294101
40004 1542294102
40006 1542294103
40008 1542294104
40003 1542294105
40002 1542294106
40003 1542294107
40003 1542294108
40004 1542294109
40003 1542294110
40001 1542294111
40003 1542294112
40003 1542294113
40004 1542294114
40004 1542294115
40007 1542294116
40003 1542294117
40003 1542294118
40005 1542294119
40005 1542294120
40001 1542294121
40007 1542294122
40005 1542294123
40008 1542294124
40005 1542294125
40005 1542294126
40003 1542294127
40004 1542294128
40006 1542294129
40005 1542294130
40005 1542294131
40005 1542294132
40007 1542294133
40003 1542294134
40004 1542294135
40003 1542294136
40005 1542294137
40002 1542294138
40003 1542294139
40003 1542294140
40003 1542294141
40005 1542294142
40004 1542294143
40005 1542294144
40002 1542294145
40002 1542294146
40002 1542294147
40002 1542294148
40001 1542294149
40005 1542294150
40007 1542294151
40005 1542294152
40003 1542294153
40004 1542294154
40006 1542294155
40001 1542294156
40003 1542294157
40001 1542294158
40004 1542294159
40008 1542294160
40010 1542294161
40002 1542294162
40009 1542294163
40008 1542294164
40007 1542294165
40011 1542294166
40005 1542294167
40004 1542294168
40002 1542294169
40007 1542294170
40006 1542294171
40004 1542294172
40006 1542294173
40003 1542294174
40004 1542294175
40005 1542294176
40003 1542294177
40004 1542294178
40006 1542294179
40004 1542294180
40000 1542294181
40000 1542294182
40005 1542294183
40001 1542294184
40002 1542294185
40006 1542294186
700 1542294186
300 1542294187
100 1542294187
160 1542294187
240 1542294187
300 1542294187
40 1542294187
60 1542294187
80 1542294187
300 1542294187
300 1542294187
1100 1542294187
80 1542294187
540 1542294187
520 1542294187
340 1542294187
280 1542294187
360 1542294187
120 1542294187
760 1542294187
40024 1542294187
40000 1542294188
1520 1542294189
40004 1542294189
40001 1542294190
40003 1542294191
40006 1542294192
40002 1542294193
40008 1542294194
40003 1542294195
40002 1542294196
40003 1542294197
40006 1542294198
40004 1542294199
40005 1542294200
40007 1542294201
40007 1542294202
40004 1542294203
40005 1542294204
40003 1542294205
40001 1542294206
40003 1542294207
40005 1542294208
40003 1542294209
40004 1542294210
40002 1542294211
40006 1542294212
40001 1542294213
40003 1542294214
40001 1542294215
40007 1542294216
40003 1542294217
40003 1542294218
40004 1542294219
40005 1542294220
40003 1542294221
40003 1542294222
40004 1542294223
40005 1542294224
40003 1542294225
40005 1542294226
40007 1542294227
40003 1542294228
40003 1542294229
40004 1542294230
40003 1542294231
40004 1542294232
40005 1542294233
40003 1542294234
300 1542294235
220 1542294235
320 1542294235
2860 1542294235
7300 1542294235
640 1542294235
1920 1542294235
5000 1542294235
3560 1542294235
760 1542294235
9380 1542294235
640 1542294235
640 1542294235
40019 1542294235
40000 1542294236
40009 1542294237
40005 1542294238
40007 1542294239
40007 1542294240
17920 1542294241
40007 1542294241
40005 1542294242
40007 1542294243
40003 1542294244
40004 1542294245
40007 1542294246
40005 1542294247
40006 1542294248
40003 1542294249
40002 1542294250
40003 1542294251
40003 1542294252
40002 1542294253
40004 1542294254
40008 1542294255
40001 1542294256
40003 1542294257
40004 1542294258
40004 1542294259
40007 1542294260
40003 1542294261
40003 1542294262
40004 1542294263
40006 1542294264
40005 1542294265
40005 1542294266
40004 1542294267
40004 1542294268
40006 1542294269
40004 1542294270
40008 1542294271
40003 1542294272
40005 1542294273
40003 1542294274
40005 1542294275
40001 1542294276
40004 1542294277
40007 1542294278
40006 1542294279
40005 1542294280
40004 1542294281
40003 1542294282
40005 1542294283
40002 1542294284
40001 1542294285
40003 1542294286
40003 1542294287
40005 1542294288
40003 1542294289
40003 1542294290
40006 1542294291
40002 1542294292
40004 1542294293
40002 1542294294
40002 1542294295
40006 1542294296
3160 1542294297
40008 1542294297
40003 1542294298
40005 1542294299
40005 1542294300
40006 1542294301
40004 1542294302
40002 1542294303
40005 1542294304
40001 1542294305
40002 1542294306
40004 1542294307
40003 1542294308
40006 1542294309
40004 1542294310
40002 1542294311
40003 1542294312
40002 1542294313
40005 1542294314
40004 1542294315
40004 1542294316
40007 1542294317
40003 1542294318
40004 1542294319
40005 1542294320
40001 1542294321
40005 1542294322
40004 1542294323
40000 1542294324
40002 1542294325
40003 1542294326
40007 1542294327
40005 1542294328
40003 1542294329
40003 1542294330
40005 1542294331
40002 1542294332
40005 1542294333
40002 1542294334
40002 1542294335
40003 1542294336
40002 1542294337
40006 1542294339
40004 1542294340
40005 1542294341
40004 1542294342
40001 1542294343
40003 1542294344
40003 1542294345
40004 1542294346
40005 1542294347
40003 1542294348
40002 1542294349
40003 1542294350
40003 1542294351
40003 1542294352
40009 1542294353
40005 1542294354
40003 1542294355
40003 1542294356
40006 1542294357
40005 1542294358
40004 1542294359
40001 1542294360
40003 1542294361
40003 1542294362
40008 1542294363
40005 1542294364
40004 1542294365
40005 1542294366
40002 1542294367
40004 1542294368
40004 1542294369
40005 1542294370
40001 1542294371
40003 1542294372
40004 1542294373
40005 1542294374
40005 1542294375
40005 1542294376
40002 1542294377
40005 1542294378
40005 1542294379
40004 1542294380
40003 1542294381
40004 1542294382
40003 1542294383
40002 1542294384
40001 1542294385
40008 1542294386
40005 1542294387
40002 1542294388
40002 1542294389
40005 1542294390
40004 1542294391
40004 1542294392
40005 1542294393
40004 1542294394
40004 1542294395
40004 1542294396
40004 1542294397
40007 1542294398
40001 1542294399
40002 1542294400
40002 1542294401
820 1542294402
40007 1542294402
40003 1542294403
40009 1542294404
40006 1542294405
40006 1542294406
40006 1542294407
40001 1542294408
40001 1542294409
40002 1542294410
40002 1542294411
40002 1542294412
40002 1542294413
40002 1542294414
40006 1542294415
40004 1542294416
40001 1542294417
40004 1542294418
40004 1542294419
40005 1542294420
40006 1542294421
40005 1542294422
40005 1542294423
40005 1542294424
40005 1542294425
40004 1542294426
40004 1542294427
40005 1542294428
40006 1542294429
40005 1542294430
40002 1542294431
40003 1542294432
40003 1542294433
40010 1542294434
40004 1542294435
40002 1542294436
40003 1542294437
40002 1542294438
40005 1542294439
40003 1542294440
40002 1542294441
40006 1542294442
40006 1542294443
40003 1542294444
40007 1542294445
40004 1542294446
40003 1542294447
40001 1542294448
40001 1542294449
40005 1542294450
40004 1542294451
40001 1542294452
40003 1542294453
40012 1542294454
40005 1542294455
40005 1542294456
40002 1542294457
40002 1542294458
40006 1542294459
40001 1542294460
40007 1542294461
40002 1542294462
40002 1542294463
40003 1542294464
40005 1542294465
40005 1542294466
40004 1542294467
40002 1542294468
40005 1542294469
40002 1542294470
40002 1542294471
40005 1542294472
40006 1542294473
40003 1542294474
40004 1542294475
40008 1542294476
40006 1542294477
40004 1542294478
40005 1542294479
40006 1542294480
3560 1542294480
40006 1542294481
40002 1542294482
40004 1542294483
40008 1542294484
40007 1542294485
40005 1542294486
40003 1542294487
40002 1542294488
40003 1542294489
40002 1542294490
40001 1542294491
40004 1542294492
40003 1542294493
40004 1542294494
40003 1542294495
580 1542294495
40007 1542294496
40009 1542294497
40007 1542294498
40004 1542294499
40005 1542294500
40004 1542294501
40004 1542294502
40002 1542294503
40005 1542294504
40000 1542294505
40003 1542294506
40004 1542294507
40003 1542294508
40009 1542294509
40003 1542294510
40003 1542294511
40003 1542294512
40002 1542294513
40003 1542294514
40004 1542294515
40007 1542294516
40004 1542294517
40003 1542294518
40004 1542294519
40007 1542294520
40004 1542294521
40005 1542294522
40001 1542294523
40002 1542294524
40000 1542294525
40004 1542294526
40002 1542294527
40004 1542294528
40005 1542294529
40002 1542294530
40005 1542294531
40006 1542294532
40004 1542294533
40006 1542294534
40000 1542294535
40004 1542294536
40003 1542294537
40008 1542294538
40004 1542294539
40004 1542294540
40002 1542294541
40004 1542294542
40005 1542294543
40002 1542294544
40006 1542294545
40001 1542294546
40002 1542294547
40006 1542294548
40002 1542294549
40006 1542294550
40003 1542294551
40006 1542294552
40000 1542294553
40005 1542294554
40005 1542294555
40005 1542294556
40004 1542294557
40003 1542294558
40003 1542294559
40005 1542294560
40003 1542294561
40003 1542294562
40002 1542294563
40003 1542294564
40001 1542294565
40007 1542294566
40011 1542294567
40004 1542294568
40004 1542294569
40009 1542294570
40003 1542294571
40003 1542294572
40001 1542294573
40003 1542294574
40009 1542294575
40001 1542294576
40003 1542294577
40001 1542294578
40005 1542294579
760 1542294580
2720 1542294580
4100 1542294580
8480 1542294580
3140 1542294580
1580 1542294580
1640 1542294580
1220 1542294580
2320 1542294580
820 1542294580
2480 1542294580
11840 1542294580
3600 1542294580
360 1542294580
700 1542294580
2000 1542294580
960 1542294580
11360 1542294580
420 1542294580
40022 1542294580
40004 1542294581
40003 1542294582
40001 1542294583
40006 1542294584
40002 1542294586
40004 1542294587
40007 1542294588
40006 1542294589
40004 1542294590
40001 1542294591
40004 1542294592
40001 1542294593
40007 1542294594
40005 1542294595
40005 1542294596
40008 1542294597
40005 1542294598
40003 1542294599
40002 1542294600
40005 1542294601
40009 1542294602
40007 1542294603
40004 1542294604
40004 1542294605
40001 1542294606
40006 1542294607
40005 1542294608
40001 1542294609
40003 1542294610
40003 1542294611
40003 1542294612
40002 1542294613
40004 1542294614
40006 1542294615
40002 1542294616
40005 1542294617
40002 1542294618
40004 1542294619
40003 1542294620
40002 1542294621
40005 1542294622
40000 1542294623
40003 1542294624
40005 1542294625
40004 1542294626
40006 1542294627
40002 1542294628
40002 1542294629
40004 1542294630
40004 1542294631
40003 1542294632
40004 1542294633
40007 1542294634
40002 1542294635
40006 1542294636
40003 1542294637
40003 1542294638
40006 1542294639
40006 1542294640
40002 1542294641
40003 1542294642
40004 1542294643
40001 1542294644
40008 1542294645
40010 1542294646
40004 1542294647
40003 1542294648
40003 1542294649
40005 1542294650
40003 1542294651
40006 1542294652
2840 1542294652
40008 1542294653
40008 1542294654
40005 1542294655
40001 1542294656
40006 1542294657
40002 1542294658
40002 1542294659
40006 1542294660
40005 1542294661
40001 1542294662
40000 1542294663
40003 1542294664
40005 1542294665
40001 1542294666
40003 1542294667
40005 1542294668
40005 1542294669
40006 1542294670
40003 1542294671
40003 1542294672
40004 1542294673
40006 1542294674
40004 1542294675
40004 1542294676
40005 1542294677
40004 1542294678
40003 1542294679
40007 1542294680
40000 1542294681
40005 1542294682
40005 1542294683
40005 1542294684
40004 1542294685
40001 1542294686
40000 1542294687
40005 1542294688
40003 1542294689
40002 1542294690
40003 1542294691
40005 1542294692
40001 1542294693
40002 1542294694
40003 1542294695
40005 1542294696
40001 1542294697
40002 1542294698
40002 1542294699
40004 1542294700
40007 1542294701
40005 1542294702
40002 1542294703
40005 1542294704
40006 1542294705
40003 1542294706
40008 1542294707
40007 1542294708
40000 1542294709
40002 1542294710
40003 1542294711
40003 1542294712
40001 1542294713
40001 1542294714
40006 1542294715
40001 1542294716
40005 1542294717
40004 1542294718
40005 1542294719
40002 1542294720
40003 1542294721
40008 1542294722
40001 1542294723
40001 1542294724
40007 1542294725
40003 1542294726
40003 1542294727
40005 1542294728
40003 1542294729
40003 1542294730
40004 1542294731
40005 1542294732
40005 1542294733
40006 1542294734
40001 1542294735
40004 1542294736
40002 1542294737
40002 1542294738
40007 1542294739
40005 1542294740
40003 1542294741
40004 1542294742
40005 1542294743
40003 1542294744
40004 1542294745
40004 1542294746
40001 1542294747
40003 1542294748
40006 1542294749
40004 1542294750
40001 1542294751
40002 1542294752
40002 1542294753
40008 1542294754
40004 1542294755
40004 1542294756
40001 1542294757
40002 1542294758
40003 1542294759
40006 1542294760
40004 1542294761
40003 1542294762
40002 1542294763
40005 1542294764
40006 1542294765
40007 1542294766
40002 1542294767
40002 1542294768
40003 1542294769
40003 1542294770
940 1542294771
40005 1542294771
40007 1542294772
40008 1542294773
40004 1542294774
40005 1542294775
40004 1542294776
40001 1542294777
40006 1542294778
40002 1542294779
40005 1542294780
40001 1542294781
40005 1542294782
40003 1542294783
40006 1542294784
40002 1542294785
40004 1542294786
40003 1542294787
40006 1542294788
40004 1542294789
40005 1542294790
40002 1542294791
40005 1542294792
40004 1542294793
40005 1542294794
40004 1542294795
40007 1542294796
40003 1542294797
40005 1542294798
40001 1542294799
40003 1542294800
40002 1542294801
40004 1542294802
40007 1542294803
40003 1542294804
40004 1542294805
40005 1542294806
40004 1542294807
40003 1542294808
40003 1542294809
40006 1542294810
40007 1542294811
40005 1542294812
40004 1542294813
40007 1542294814
40003 1542294815
40004 1542294816
40003 1542294817
40002 1542294818
40002 1542294819
40002 1542294820
40002 1542294821
40006 1542294822
40005 1542294823
40002 1542294824
40004 1542294825
40007 1542294826
40005 1542294827
40005 1542294828
40006 1542294829
40002 1542294830
40002 1542294831
40003 1542294832
40011 1542294833
40004 1542294835
40004 1542294836
40003 1542294837
40003 1542294838
40003 1542294839
40002 1542294840
40007 1542294841
40001 1542294842
40005 1542294843
40006 1542294844
40005 1542294845
40005 1542294846
40006 1542294847
40002 1542294848
40003 1542294849
40003 1542294850
40007 1542294851
40009 1542294852
40005 1542294853
40002 1542294854
40002 1542294855
40007 1542294856
40003 1542294857
40005 1542294858
40004 1542294859
40003 1542294860
5040 1542294860
40003 1542294861
40004 1542294862
40005 1542294863
40003 1542294864
40003 1542294865
40002 1542294866
40003 1542294867
40002 1542294868
620 1542294868
40006 1542294869
40007 1542294870
40005 1542294871
40001 1542294872
40008 1542294873
40003 1542294874
40005 1542294875
40002 1542294876
40002 1542294877
40003 1542294878
40002 1542294879
40006 1542294880
40006 1542294881
40004 1542294882
40003 1542294883
40003 1542294884
40002 1542294885
40006 1542294886
40004 1542294887
40003 1542294888
40003 1542294889
40003 1542294890
40004 1542294891
40003 1542294892
40004 1542294893
40004 1542294894
40005 1542294895
40005 1542294896
40005 1542294897
40003 1542294898
40004 1542294899
40004 1542294900
40003 1542294901
40003 1542294902
40003 1542294903
40008 1542294904
40006 1542294905
40004 1542294906
40005 1542294907
40002 1542294908
40005 1542294909
40003 1542294910
40006 1542294911
40002 1542294912
40003 1542294913
40004 1542294914
40009 1542294915
40003 1542294916
40006 1542294917
40003 1542294918
40001 1542294919
40002 1542294920
1380 1542294920
40006 1542294921
40005 1542294922
40004 1542294923
40004 1542294924
40011 1542294925
40001 1542294926
40003 1542294927
40003 1542294928
40008 1542294929
40002 1542294930
40003 1542294931
40005 1542294932
40003 1542294933
40004 1542294934
40006 1542294935
40008 1542294936
40003 1542294937
40002 1542294938
40003 1542294939
40006 1542294940
40005 1542294941
40004 1542294942
40007 1542294943
40006 1542294944
40006 1542294945
40003 1542294946
40004 1542294947
40001 1542294948
40002 1542294949
40004 1542294950
40002 1542294951
40004 1542294952
40000 1542294953
40002 1542294954
40002 1542294955
40002 1542294956
40003 1542294957
40003 1542294958
40003 1542294959
40002 1542294960
40002 1542294961
40005 1542294962
40003 1542294963
40003 1542294964
660 1542294965
40005 1542294965
40002 1542294966
40008 1542294967
40003 1542294968
40002 1542294969
40006 1542294970
40002 1542294971
40009 1542294972
40002 1542294973
40005 1542294974
40003 1542294975
40006 1542294976
40004 1542294977
40005 1542294978
40004 1542294979
40005 1542294980
40007 1542294981
40008 1542294982
40005 1542294983
40003 1542294984
40001 1542294985
40003 1542294986
40004 1542294987
40006 1542294988
40001 1542294989
40004 1542294990
40005 1542294991
40008 1542294992
40008 1542294993
40006 1542294994
40005 1542294995
40005 1542294996
40005 1542294997
40007 1542294998
40002 1542294999
40003 1542295000
40005 1542295001
40003 1542295002
40003 1542295003
40001 1542295004
40002 1542295005
40008 1542295006
40004 1542295007
40002 1542295008
40004 1542295009
40011 1542295010
40006 1542295011
40006 1542295012
40005 1542295013
40004 1542295014
40006 1542295015
40004 1542295016
40002 1542295017
40003 1542295018
40003 1542295019
40005 1542295020
40001 1542295021
40004 1542295022
40005 1542295023
40003 1542295024
40009 1542295025
40005 1542295026
40006 1542295027
40003 1542295028
40003 1542295029
40009 1542295030
40006 1542295031
40008 1542295032
40004 1542295033
40004 1542295034
40003 1542295035
40004 1542295036
40002 1542295037
40005 1542295038
40001 1542295039
40001 1542295040
40001 1542295041
40002 1542295042
40005 1542295043
40003 1542295044
40004 1542295045
40005 1542295046
40004 1542295047
40004 1542295048
40003 1542295049
40002 1542295050
40005 1542295051
40002 1542295052
40005 1542295053
40003 1542295054
40004 1542295055
40004 1542295056
40005 1542295057
40002 1542295058
40001 1542295059
40004 1542295060
40004 1542295061
40003 1542295062
40001 1542295063
40005 1542295064
40007 1542295065
40002 1542295066
40005 1542295067
40009 1542295068
40007 1542295069
40004 1542295070
40004 1542295071
40004 1542295072
40003 1542295073
40004 1542295074
4720 1542295075
40004 1542295075
40005 1542295076
40002 1542295077
40003 1542295078
40005 1542295079
40005 1542295080
40005 1542295081
40002 1542295082
40004 1542295083
40008 1542295084
40007 1542295085
40005 1542295086
40004 1542295087
40001 1542295088
40004 1542295089
40003 1542295090
40000 1542295091
40005 1542295093
40004 1542295094
40005 1542295095
40004 1542295096
40000 1542295097
40004 1542295098
40004 1542295099
40007 1542295100
40001 1542295101
40003 1542295102
40004 1542295103
40005 1542295104
40005 1542295105
40004 1542295106
40000 1542295107
40000 1542295108
40001 1542295109
40001 1542295110
40005 1542295111
40007 1542295112
40003 1542295113
40004 1542295114
40002 1542295115
40003 1542295116
40002 1542295117
40002 1542295118
40002 1542295119
40008 1542295120
40003 1542295121
40007 1542295122
40002 1542295123
40005 1542295124
40007 1542295125
40004 1542295126
40004 1542295127
40003 1542295128
40002 1542295129
40001 1542295130
40005 1542295131
40003 1542295132
40003 1542295133
40005 1542295134
40003 1542295135
40000 1542300611
40000 1542300612
40000 1542300613
40000 1542300614
40000 1542300615
40000 1542300616
40000 1542300617
40000 1542300618
40000 1542300619
40000 1542300620
40000 1542300621
40000 1542300622
40000 1542300623
40000 1542300624
40000 1542300625
40000 1542300626
40000 1542300627
40000 1542300628
40000 1542300629
40000 1542300630
40000 1542300631
40000 1542300632
40000 1542300633
40000 1542300634
40000 1542300635
40000 1542300636
40000 1542300637
40000 1542300638
40000 1542300639
40000 1542300640
40000 1542300641
40000 1542300642
40000 1542300643
1360 1542300644
40020 1542300644
40005 1542300645
40002 1542300646
40005 1542300647
40003 1542300648
40000 1542300649
40000 1542300650
40000 1542300651
40000 1542300652
40000 1542300653
40000 1542300654
40000 1542300655
40000 1542300656
40000 1542300657
40000 1542300658
40000 1542300659
40000 1542300660
40000 1542300676
40000 1542300677
40000 1542300678
40000 1542300679
40000 1542300680
40000 1542300681
40000 1542300682
40000 1542300683
40000 1542300684
40000 1542300685
40000 1542300686
40000 1542300687
40000 1542300688
40000 1542300689
40000 1542300690
40000 1542300691
40000 1542300692
40000 1542300693
40000 1542300694
40000 1542300695
40000 1542300696
40000 1542300697
40000 1542300698
40000 1542300699
40000 1542300700
40000 1542300701
40000 1542300702
40000 1542300703
40000 1542300704
40000 1542300705
40000 1542300706
40000 1542300707
40000 1542300708
40000 1542300709
40000 1542300710
40000 1542300711
40000 1542300712
40000 1542300713
40000 1542300714
40000 1542300715
40000 1542300716
40000 1542300717
40000 1542300718
40000 1542300719
40000 1542300720
40000 1542300721
40000 1542300722
40000 1542300723
40000 1542300724
40000 1542300725
40000 1542300726
40000 1542300727
40000 1542300728
40000 1542300729
40000 1542300730
40000 1542300731
40000 1542300732
40000 1542300733
40000 1542300734
40000 1542300735
40000 1542300736
40000 1542300737
40000 1542300738
40000 1542300739
40000 1542300740
40000 1542300741
40000 1542300742
40000 1542300743
40000 1542300744
40000 1542300745
40000 1542300746
40000 1542300747
40000 1542300748
